0.0000000000	0.0410597000	-5.8800000000	0.0009244000	-148.5600000000	6.9071150000
0.0000000000	0.0410597000	-5.8800000000	0.0009240000	-148.5900000000	6.9068030000
0.0000000000	0.0410616000	-5.8800000000	0.0009244000	-148.5600000000	6.9070190000
0.0000000000	0.0410597000	-5.8800000000	0.0009244000	-148.5700000000	6.9076280000
0.0000000000	0.0410597000	-5.8800000000	0.0009248000	-148.5000000000	6.9074120000
0.0000000000	0.0410616000	-5.8800000000	0.0009252000	-148.5100000000	6.9069530000
0.0000000000	0.0410616000	-5.8800000000	0.0009248000	-148.5500000000	6.9064990000
0.0000000000	0.0410616000	-5.8800000000	0.0009240000	-148.6700000000	6.9063750000
0.0000000000	0.0410597000	-5.8800000000	0.0009240000	-148.5800000000	6.9070600000
0.0000000000	0.0410540000	-5.8740000000	0.0009244000	-148.5100000000	6.9065190000
1.0000000000	0.0410445000	-5.8740000000	0.0009248000	-148.7100000000	6.7604400000
1.0000000000	0.0410426000	-5.8740000000	0.0009236000	-148.5700000000	6.7594080000
1.0000000000	0.0410426000	-5.8740000000	0.0009258000	-148.6100000000	6.7579860000
1.0000000000	0.0410426000	-5.8740000000	0.0009256000	-148.6000000000	6.7578430000
1.0000000000	0.0410426000	-5.8740000000	0.0009238000	-148.6100000000	6.7580800000
1.0000000000	0.0410368000	-5.8740000000	0.0009226000	-148.5800000000	6.7576090000
1.0000000000	0.0410368000	-5.8740000000	0.0009256000	-148.5300000000	6.7573660000
1.0000000000	0.0410368000	-5.8740000000	0.0009248000	-148.6100000000	6.7575840000
1.0000000000	0.0410388000	-5.8740000000	0.0009242000	-148.6200000000	6.7576400000
1.0000000000	0.0410426000	-5.8740000000	0.0009238000	-148.6300000000	6.7575290000
2.0000000000	0.0410349000	-5.8740000000	0.0009252000	-148.5800000000	6.6623730000
2.0000000000	0.0410349000	-5.8740000000	0.0009240000	-148.6100000000	6.6614380000
2.0000000000	0.0410349000	-5.8740000000	0.0009238000	-148.5800000000	6.6601440000
2.0000000000	0.0410349000	-5.8740000000	0.0009252000	-148.6500000000	6.6592750000
2.0000000000	0.0410368000	-5.8740000000	0.0009264000	-148.6600000000	6.6584070000
2.0000000000	0.0410368000	-5.8740000000	0.0009246000	-148.6300000000	6.6568840000
2.0000000000	0.0410368000	-5.8740000000	0.0009248000	-148.6800000000	6.6554380000
2.0000000000	0.0410368000	-5.8740000000	0.0009246000	-148.6600000000	6.6546940000
2.0000000000	0.0410388000	-5.8740000000	0.0009248000	-148.6100000000	6.6557140000
2.0000000000	0.0410388000	-5.8740000000	0.0009246000	-148.6500000000	6.6541730000
3.0000000000	0.0410883000	-5.8800000000	0.0009278000	-148.6400000000	6.5309280000
3.0000000000	0.0410903000	-5.8800000000	0.0009278000	-148.6200000000	6.5298480000
3.0000000000	0.0410903000	-5.8800000000	0.0009262000	-148.7400000000	6.5291180000
3.0000000000	0.0410903000	-5.8800000000	0.0009282000	-148.6500000000	6.5281330000
3.0000000000	0.0410903000	-5.8800000000	0.0009284000	-148.6500000000	6.5269850000
3.0000000000	0.0410922000	-5.8800000000	0.0009304000	-148.5900000000	6.5262270000
3.0000000000	0.0410941000	-5.8860000000	0.0009286000	-148.7100000000	6.5255280000
3.0000000000	0.0410960000	-5.8860000000	0.0009282000	-148.7000000000	6.5241020000
3.0000000000	0.0410960000	-5.8860000000	0.0009280000	-148.6300000000	6.5231720000
3.0000000000	0.0410960000	-5.8860000000	0.0009260000	-148.6200000000	6.5223800000
4.0000000000	0.0411112000	-5.8860000000	0.0009310000	-148.7600000000	6.4723200000
4.0000000000	0.0411131000	-5.8860000000	0.0009298000	-148.6800000000	6.4725600000
4.0000000000	0.0411131000	-5.8860000000	0.0009286000	-148.5800000000	6.4727690000
4.0000000000	0.0411112000	-5.8860000000	0.0009296000	-148.7300000000	6.4727500000
4.0000000000	0.0411093000	-5.8860000000	0.0009306000	-148.5900000000	6.4727450000
4.0000000000	0.0411074000	-5.8860000000	0.0009312000	-148.7400000000	6.4733300000
4.0000000000	0.0411074000	-5.8860000000	0.0009292000	-148.7300000000	6.4727340000
4.0000000000	0.0411074000	-5.8860000000	0.0009290000	-148.6400000000	6.4724150000
4.0000000000	0.0411074000	-5.8860000000	0.0009292000	-148.6900000000	6.4719020000
4.0000000000	0.0411074000	-5.8860000000	0.0009278000	-148.6200000000	6.4719630000
5.0000000000	0.0410635000	-5.8740000000	0.0009268000	-148.7200000000	6.4799930000
5.0000000000	0.0410635000	-5.8740000000	0.0009272000	-148.6600000000	6.4797210000
5.0000000000	0.0410635000	-5.8740000000	0.0009266000	-148.6200000000	6.4800470000
5.0000000000	0.0410635000	-5.8740000000	0.0009260000	-148.6500000000	6.4804230000
5.0000000000	0.0410635000	-5.8740000000	0.0009284000	-148.7000000000	6.4817770000
5.0000000000	0.0410616000	-5.8800000000	0.0009278000	-148.6500000000	6.4830490000
5.0000000000	0.0410635000	-5.8740000000	0.0009280000	-148.8100000000	6.4839570000
5.0000000000	0.0410635000	-5.8740000000	0.0009272000	-148.6600000000	6.4844930000
5.0000000000	0.0410635000	-5.8740000000	0.0009268000	-148.6900000000	6.4853380000
5.0000000000	0.0410597000	-5.8800000000	0.0009280000	-148.7300000000	6.4865270000
6.0000000000	0.0409586000	-5.8620000000	0.0009220000	-148.7200000000	6.5127950000
6.0000000000	0.0409586000	-5.8620000000	0.0009216000	-148.6200000000	6.5121640000
6.0000000000	0.0409586000	-5.8620000000	0.0009220000	-148.6600000000	6.5116110000
6.0000000000	0.0409586000	-5.8620000000	0.0009218000	-148.6000000000	6.5113170000
6.0000000000	0.0409567000	-5.8620000000	0.0009224000	-148.6700000000	6.5127910000
6.0000000000	0.0409567000	-5.8620000000	0.0009218000	-148.7000000000	6.5139810000
6.0000000000	0.0409567000	-5.8620000000	0.0009228000	-148.6400000000	6.5148690000
6.0000000000	0.0409529000	-5.8620000000	0.0009224000	-148.7100000000	6.5149870000
6.0000000000	0.0409510000	-5.8620000000	0.0009230000	-148.5900000000	6.5151670000
6.0000000000	0.0409529000	-5.8620000000	0.0009224000	-148.7200000000	6.5161200000
7.0000000000	0.0408366000	-5.8440000000	0.0009158000	-148.7300000000	6.5371180000
7.0000000000	0.0408385000	-5.8440000000	0.0009186000	-148.7100000000	6.5366800000
7.0000000000	0.0408385000	-5.8440000000	0.0009160000	-148.6500000000	6.5369790000
7.0000000000	0.0408366000	-5.8440000000	0.0009166000	-148.6300000000	6.5369550000
7.0000000000	0.0408347000	-5.8440000000	0.0009170000	-148.6700000000	6.5370400000
7.0000000000	0.0408328000	-5.8440000000	0.0009172000	-148.6600000000	6.5374700000
7.0000000000	0.0408328000	-5.8440000000	0.0009174000	-148.6800000000	6.5385800000
7.0000000000	0.0408309000	-5.8440000000	0.0009174000	-148.6400000000	6.5386770000
7.0000000000	0.0408328000	-5.8440000000	0.0009174000	-148.6900000000	6.5385810000
7.0000000000	0.0408328000	-5.8440000000	0.0009176000	-148.7200000000	6.5385760000
8.0000000000	0.0407126000	-5.8200000000	0.0009114000	-148.7000000000	6.5540390000
8.0000000000	0.0407126000	-5.8200000000	0.0009126000	-148.6200000000	6.5542760000
8.0000000000	0.0407107000	-5.8200000000	0.0009108000	-148.5700000000	6.5555470000
8.0000000000	0.0407107000	-5.8200000000	0.0009114000	-148.7000000000	6.5553110000
8.0000000000	0.0407107000	-5.8200000000	0.0009116000	-148.7700000000	6.5544470000
8.0000000000	0.0407088000	-5.8200000000	0.0009110000	-148.7400000000	6.5559000000
8.0000000000	0.0407088000	-5.8200000000	0.0009120000	-148.7000000000	6.5556560000
8.0000000000	0.0407088000	-5.8200000000	0.0009122000	-148.7300000000	6.5553000000
8.0000000000	0.0407107000	-5.8200000000	0.0009120000	-148.6300000000	6.5549380000
8.0000000000	0.0407088000	-5.8200000000	0.0009126000	-148.7500000000	6.5547410000
9.0000000000	0.0405886000	-5.8020000000	0.0009052000	-148.6200000000	6.5659940000
9.0000000000	0.0405886000	-5.8020000000	0.0009060000	-148.6900000000	6.5657980000
9.0000000000	0.0405905000	-5.8020000000	0.0009060000	-148.8000000000	6.5658480000
9.0000000000	0.0405886000	-5.8020000000	0.0009066000	-148.7400000000	6.5659480000
9.0000000000	0.0405886000	-5.8020000000	0.0009064000	-148.6300000000	6.5649380000
9.0000000000	0.0405867000	-5.8020000000	0.0009066000	-148.6900000000	6.5645740000
9.0000000000	0.0405886000	-5.8020000000	0.0009050000	-148.7600000000	6.5647070000
9.0000000000	0.0405905000	-5.8020000000	0.0009056000	-148.7100000000	6.5647800000
9.0000000000	0.0405924000	-5.8020000000	0.0009046000	-148.7800000000	6.5645320000
9.0000000000	0.0405924000	-5.8020000000	0.0009054000	-148.7100000000	6.5643840000
10.0000000000	0.0404685000	-5.7840000000	0.0008996000	-148.6700000000	6.5621990000
10.0000000000	0.0404685000	-5.7840000000	0.0009010000	-148.5800000000	6.5624130000
10.0000000000	0.0404665000	-5.7840000000	0.0009010000	-148.6700000000	6.5628880000
10.0000000000	0.0404665000	-5.7840000000	0.0009002000	-148.7200000000	6.5629580000
10.0000000000	0.0404665000	-5.7840000000	0.0009008000	-148.5900000000	6.5626020000
10.0000000000	0.0404665000	-5.7840000000	0.0008990000	-148.6900000000	6.5625540000
10.0000000000	0.0404665000	-5.7840000000	0.0009006000	-148.6500000000	6.5628980000
10.0000000000	0.0404685000	-5.7840000000	0.0009010000	-148.6900000000	6.5634330000
10.0000000000	0.0404685000	-5.7840000000	0.0008998000	-148.6800000000	6.5643010000
10.0000000000	0.0404685000	-5.7840000000	0.0009014000	-148.7500000000	6.5652460000
11.0000000000	0.0403540000	-5.7660000000	0.0008962000	-148.7700000000	6.5556560000
11.0000000000	0.0403578000	-5.7660000000	0.0008948000	-148.6500000000	6.5566340000
11.0000000000	0.0403578000	-5.7660000000	0.0008958000	-148.7600000000	6.5562790000
11.0000000000	0.0403578000	-5.7660000000	0.0008954000	-148.6900000000	6.5564850000
11.0000000000	0.0403559000	-5.7660000000	0.0008966000	-148.7200000000	6.5562920000
11.0000000000	0.0403540000	-5.7660000000	0.0008958000	-148.6600000000	6.5564970000
11.0000000000	0.0403578000	-5.7660000000	0.0008962000	-148.7300000000	6.5558510000
11.0000000000	0.0403540000	-5.7660000000	0.0008956000	-148.6700000000	6.5549960000
11.0000000000	0.0403540000	-5.7660000000	0.0008946000	-148.6300000000	6.5545070000
11.0000000000	0.0403540000	-5.7660000000	0.0008954000	-148.7300000000	6.5532390000
12.0000000000	0.0402339000	-5.7480000000	0.0008906000	-148.6600000000	6.5465770000
12.0000000000	0.0402377000	-5.7480000000	0.0008912000	-148.7200000000	6.5460010000
12.0000000000	0.0402396000	-5.7480000000	0.0008910000	-148.7200000000	6.5461640000
12.0000000000	0.0402377000	-5.7480000000	0.0008918000	-148.6400000000	6.5460470000
12.0000000000	0.0402377000	-5.7480000000	0.0008896000	-148.6500000000	6.5460830000
12.0000000000	0.0402377000	-5.7480000000	0.0008896000	-148.7100000000	6.5467380000
12.0000000000	0.0402377000	-5.7480000000	0.0008902000	-148.7900000000	6.5467520000
12.0000000000	0.0402377000	-5.7480000000	0.0008920000	-148.6600000000	6.5461690000
12.0000000000	0.0402377000	-5.7480000000	0.0008884000	-148.7200000000	6.5460150000
12.0000000000	0.0402377000	-5.7480000000	0.0008908000	-148.6900000000	6.5461090000
13.0000000000	0.0401213000	-5.7300000000	0.0008864000	-148.7700000000	6.5373830000
13.0000000000	0.0401232000	-5.7300000000	0.0008850000	-148.7100000000	6.5375110000
13.0000000000	0.0401232000	-5.7300000000	0.0008856000	-148.6200000000	6.5376130000
13.0000000000	0.0401213000	-5.7300000000	0.0008844000	-148.7200000000	6.5375970000
13.0000000000	0.0401251000	-5.7300000000	0.0008852000	-148.5800000000	6.5364920000
13.0000000000	0.0401232000	-5.7300000000	0.0008860000	-148.7900000000	6.5361590000
13.0000000000	0.0401232000	-5.7300000000	0.0008848000	-148.7600000000	6.5355230000
13.0000000000	0.0401232000	-5.7300000000	0.0008862000	-148.6900000000	6.5358100000
13.0000000000	0.0401232000	-5.7300000000	0.0008860000	-148.7200000000	6.5369640000
13.0000000000	0.0401232000	-5.7300000000	0.0008846000	-148.7200000000	6.5371200000
14.0000000000	0.0400336000	-5.7120000000	0.0008814000	-148.6900000000	6.4950940000
14.0000000000	0.0400374000	-5.7120000000	0.0008826000	-148.7900000000	6.4941820000
14.0000000000	0.0400412000	-5.7120000000	0.0008802000	-148.8300000000	6.4933710000
14.0000000000	0.0400412000	-5.7120000000	0.0008812000	-148.6600000000	6.4925640000
14.0000000000	0.0400393000	-5.7120000000	0.0008818000	-148.7100000000	6.4919100000
14.0000000000	0.0400355000	-5.7120000000	0.0008804000	-148.6500000000	6.4911200000
14.0000000000	0.0400374000	-5.7120000000	0.0008826000	-148.7400000000	6.4902450000
14.0000000000	0.0400374000	-5.7120000000	0.0008812000	-148.7100000000	6.4899780000
14.0000000000	0.0400412000	-5.7180000000	0.0008824000	-148.6400000000	6.4896780000
14.0000000000	0.0400412000	-5.7180000000	0.0008830000	-148.7300000000	6.4890620000
15.0000000000	0.0400202000	-5.7060000000	0.0008786000	-148.8000000000	6.3713670000
15.0000000000	0.0400221000	-5.7120000000	0.0008816000	-148.7700000000	6.3707980000
15.0000000000	0.0400221000	-5.7120000000	0.0008800000	-148.7600000000	6.3700280000
15.0000000000	0.0400221000	-5.7120000000	0.0008814000	-148.7300000000	6.3691300000
15.0000000000	0.0400221000	-5.7120000000	0.0008816000	-148.8400000000	6.3668150000
15.0000000000	0.0400202000	-5.7120000000	0.0008792000	-148.7300000000	6.3658680000
15.0000000000	0.0400183000	-5.7120000000	0.0008816000	-148.7400000000	6.3650400000
15.0000000000	0.0400202000	-5.7120000000	0.0008812000	-148.7600000000	6.3640550000
15.0000000000	0.0400221000	-5.7120000000	0.0008808000	-148.7200000000	6.3639310000
15.0000000000	0.0400240000	-5.7120000000	0.0008810000	-148.7800000000	6.3633580000
16.0000000000	0.0399783000	-5.7060000000	0.0008810000	-148.8000000000	6.2971870000
16.0000000000	0.0399783000	-5.7060000000	0.0008790000	-148.6700000000	6.2967420000
16.0000000000	0.0399764000	-5.7060000000	0.0008794000	-148.7600000000	6.2972770000
16.0000000000	0.0399764000	-5.7060000000	0.0008794000	-148.7600000000	6.2976260000
16.0000000000	0.0399783000	-5.7060000000	0.0008798000	-148.7300000000	6.2971200000
16.0000000000	0.0399802000	-5.7060000000	0.0008792000	-148.7900000000	6.2968920000
16.0000000000	0.0399802000	-5.7060000000	0.0008800000	-148.7100000000	6.2971160000
16.0000000000	0.0399802000	-5.7060000000	0.0008802000	-148.7700000000	6.2964030000
16.0000000000	0.0399821000	-5.7060000000	0.0008794000	-148.7400000000	6.2967430000
16.0000000000	0.0399821000	-5.7060000000	0.0008792000	-148.7400000000	6.2969460000
17.0000000000	0.0398829000	-5.6880000000	0.0008766000	-148.7600000000	6.2970750000
17.0000000000	0.0398829000	-5.6880000000	0.0008758000	-148.7500000000	6.2982790000
17.0000000000	0.0398829000	-5.6880000000	0.0008762000	-148.8500000000	6.2982800000
17.0000000000	0.0398810000	-5.6880000000	0.0008748000	-148.7300000000	6.2996880000
17.0000000000	0.0398829000	-5.6880000000	0.0008754000	-148.7700000000	6.3000690000
17.0000000000	0.0398848000	-5.6880000000	0.0008750000	-148.7800000000	6.2995530000
17.0000000000	0.0398867000	-5.6880000000	0.0008762000	-148.7800000000	6.2990640000
17.0000000000	0.0398886000	-5.6880000000	0.0008750000	-148.6800000000	6.2987820000
17.0000000000	0.0398886000	-5.6880000000	0.0008754000	-148.8300000000	6.2993890000
17.0000000000	0.0398829000	-5.6880000000	0.0008774000	-148.6500000000	6.2997230000
18.0000000000	0.0397685000	-5.6700000000	0.0008704000	-148.8000000000	6.3173360000
18.0000000000	0.0397685000	-5.6700000000	0.0008698000	-148.8100000000	6.3170040000
18.0000000000	0.0397704000	-5.6700000000	0.0008700000	-148.7800000000	6.3172040000
18.0000000000	0.0397666000	-5.6700000000	0.0008700000	-148.7100000000	6.3175950000
18.0000000000	0.0397666000	-5.6700000000	0.0008702000	-148.8000000000	6.3172820000
18.0000000000	0.0397685000	-5.6700000000	0.0008718000	-148.7300000000	6.3171940000
18.0000000000	0.0397666000	-5.6700000000	0.0008712000	-148.7100000000	6.3169980000
18.0000000000	0.0397646000	-5.6700000000	0.0008712000	-148.8400000000	6.3173330000
18.0000000000	0.0397646000	-5.6700000000	0.0008694000	-148.8000000000	6.3175990000
18.0000000000	0.0397666000	-5.6700000000	0.0008700000	-148.7000000000	6.3184340000
19.0000000000	0.0396521000	-5.6520000000	0.0008650000	-148.8600000000	6.3212080000
19.0000000000	0.0396540000	-5.6520000000	0.0008664000	-148.8000000000	6.3211100000
19.0000000000	0.0396540000	-5.6520000000	0.0008656000	-148.6900000000	6.3210080000
19.0000000000	0.0396521000	-5.6520000000	0.0008656000	-148.7700000000	6.3206200000
19.0000000000	0.0396540000	-5.6520000000	0.0008642000	-148.8300000000	6.3206040000
19.0000000000	0.0396521000	-5.6520000000	0.0008664000	-148.7600000000	6.3210650000
19.0000000000	0.0396540000	-5.6520000000	0.0008660000	-148.7700000000	6.3213800000
19.0000000000	0.0396521000	-5.6520000000	0.0008646000	-148.8000000000	6.3214740000
19.0000000000	0.0396502000	-5.6520000000	0.0008652000	-148.7900000000	6.3228030000
19.0000000000	0.0396483000	-5.6520000000	0.0008652000	-148.7900000000	6.3235660000
20.0000000000	0.0395453000	-5.6340000000	0.0008594000	-148.7200000000	6.3236270000
20.0000000000	0.0395434000	-5.6340000000	0.0008600000	-148.7400000000	6.3240910000
20.0000000000	0.0395396000	-5.6340000000	0.0008600000	-148.7700000000	6.3244130000
20.0000000000	0.0395396000	-5.6340000000	0.0008592000	-148.7700000000	6.3248030000
20.0000000000	0.0395396000	-5.6340000000	0.0008616000	-148.8500000000	6.3254700000
20.0000000000	0.0395377000	-5.6340000000	0.0008612000	-148.8400000000	6.3262760000
20.0000000000	0.0395377000	-5.6340000000	0.0008594000	-148.7500000000	6.3272060000
20.0000000000	0.0395415000	-5.6340000000	0.0008610000	-148.7200000000	6.3280110000
20.0000000000	0.0395415000	-5.6340000000	0.0008590000	-148.8100000000	6.3273070000
20.0000000000	0.0395396000	-5.6340000000	0.0008610000	-148.8100000000	6.3266830000
21.0000000000	0.0394328000	-5.6160000000	0.0008566000	-148.8900000000	6.3234150000
21.0000000000	0.0394347000	-5.6160000000	0.0008552000	-148.7800000000	6.3235240000
21.0000000000	0.0394328000	-5.6160000000	0.0008568000	-148.7400000000	6.3235580000
21.0000000000	0.0394347000	-5.6160000000	0.0008534000	-148.8600000000	6.3232240000
21.0000000000	0.0394328000	-5.6160000000	0.0008550000	-148.7900000000	6.3226300000
21.0000000000	0.0394328000	-5.6160000000	0.0008570000	-148.8300000000	6.3231180000
21.0000000000	0.0394309000	-5.6160000000	0.0008564000	-148.8200000000	6.3232980000
21.0000000000	0.0394309000	-5.6160000000	0.0008540000	-148.7200000000	6.3238990000
21.0000000000	0.0394309000	-5.6160000000	0.0008540000	-148.7600000000	6.3235860000
21.0000000000	0.0394289000	-5.6160000000	0.0008550000	-148.7200000000	6.3238020000
22.0000000000	0.0393240000	-5.5980000000	0.0008516000	-148.7700000000	6.3230840000
22.0000000000	0.0393260000	-5.5980000000	0.0008520000	-148.8000000000	6.3224090000
22.0000000000	0.0393221000	-5.5980000000	0.0008516000	-148.8500000000	6.3218060000
22.0000000000	0.0393221000	-5.5980000000	0.0008500000	-148.8600000000	6.3213930000
22.0000000000	0.0393240000	-5.5980000000	0.0008518000	-148.8100000000	6.3210300000
22.0000000000	0.0393240000	-5.5980000000	0.0008514000	-148.8400000000	6.3212460000
22.0000000000	0.0393240000	-5.5980000000	0.0008514000	-148.8400000000	6.3214050000
22.0000000000	0.0393240000	-5.5980000000	0.0008514000	-148.7500000000	6.3211730000
22.0000000000	0.0393240000	-5.5980000000	0.0008518000	-148.7500000000	6.3213380000
22.0000000000	0.0393260000	-5.5980000000	0.0008516000	-148.8000000000	6.3215580000
23.0000000000	0.0392268000	-5.5860000000	0.0008470000	-148.7900000000	6.3111030000
23.0000000000	0.0392268000	-5.5860000000	0.0008458000	-148.8200000000	6.3110580000
23.0000000000	0.0392287000	-5.5860000000	0.0008476000	-148.8100000000	6.3104900000
23.0000000000	0.0392287000	-5.5860000000	0.0008470000	-148.8100000000	6.3095200000
23.0000000000	0.0392287000	-5.5860000000	0.0008484000	-148.8700000000	6.3101550000
23.0000000000	0.0392287000	-5.5860000000	0.0008476000	-148.8700000000	6.3094110000
23.0000000000	0.0392268000	-5.5860000000	0.0008470000	-148.7900000000	6.3093470000
23.0000000000	0.0392268000	-5.5860000000	0.0008478000	-148.7700000000	6.3093140000
23.0000000000	0.0392287000	-5.5860000000	0.0008478000	-148.7800000000	6.3097280000
23.0000000000	0.0392268000	-5.5860000000	0.0008484000	-148.7500000000	6.3109110000
24.0000000000	0.0391409000	-5.5680000000	0.0008446000	-148.7700000000	6.3013530000
24.0000000000	0.0391409000	-5.5680000000	0.0008438000	-148.8000000000	6.3007820000
24.0000000000	0.0391390000	-5.5680000000	0.0008442000	-148.8000000000	6.3012620000
24.0000000000	0.0391371000	-5.5680000000	0.0008436000	-148.8200000000	6.3006710000
24.0000000000	0.0391390000	-5.5680000000	0.0008434000	-148.8000000000	6.3003660000
24.0000000000	0.0391390000	-5.5680000000	0.0008434000	-148.8900000000	6.3006240000
24.0000000000	0.0391390000	-5.5680000000	0.0008424000	-148.7200000000	6.3004750000
24.0000000000	0.0391390000	-5.5680000000	0.0008448000	-148.8100000000	6.2997380000
24.0000000000	0.0391409000	-5.5680000000	0.0008452000	-148.8500000000	6.3003720000
24.0000000000	0.0391409000	-5.5680000000	0.0008440000	-148.8300000000	6.3008830000
25.0000000000	0.0390570000	-5.5560000000	0.0008392000	-148.8200000000	6.2829800000
25.0000000000	0.0390570000	-5.5560000000	0.0008404000	-148.7900000000	6.2832760000
25.0000000000	0.0390570000	-5.5560000000	0.0008414000	-148.7200000000	6.2830050000
25.0000000000	0.0390570000	-5.5560000000	0.0008394000	-148.8300000000	6.2829440000
25.0000000000	0.0390570000	-5.5560000000	0.0008404000	-148.7900000000	6.2832030000
25.0000000000	0.0390570000	-5.5560000000	0.0008396000	-148.7300000000	6.2829840000
25.0000000000	0.0390570000	-5.5560000000	0.0008390000	-148.8800000000	6.2820610000
25.0000000000	0.0390570000	-5.5560000000	0.0008404000	-148.8800000000	6.2817030000
25.0000000000	0.0390551000	-5.5560000000	0.0008408000	-148.7700000000	6.2806150000
25.0000000000	0.0390551000	-5.5560000000	0.0008394000	-148.8900000000	6.2799890000
26.0000000000	0.0389731000	-5.5440000000	0.0008384000	-148.8300000000	6.2612030000
26.0000000000	0.0389712000	-5.5440000000	0.0008374000	-148.8500000000	6.2623870000
26.0000000000	0.0389712000	-5.5440000000	0.0008378000	-148.8300000000	6.2630250000
26.0000000000	0.0389712000	-5.5440000000	0.0008358000	-148.8900000000	6.2633070000
26.0000000000	0.0389731000	-5.5440000000	0.0008360000	-148.7800000000	6.2633210000
26.0000000000	0.0389712000	-5.5440000000	0.0008354000	-148.7300000000	6.2631950000
26.0000000000	0.0389712000	-5.5440000000	0.0008372000	-148.9300000000	6.2630570000
26.0000000000	0.0389712000	-5.5440000000	0.0008378000	-148.8300000000	6.2627620000
26.0000000000	0.0389712000	-5.5440000000	0.0008366000	-148.8200000000	6.2632160000
26.0000000000	0.0389712000	-5.5440000000	0.0008370000	-148.9200000000	6.2641720000
27.0000000000	0.0388987000	-5.5320000000	0.0008338000	-148.8700000000	6.2468950000
27.0000000000	0.0388987000	-5.5320000000	0.0008342000	-148.8300000000	6.2474100000
27.0000000000	0.0388987000	-5.5320000000	0.0008346000	-148.8400000000	6.2469570000
27.0000000000	0.0388987000	-5.5320000000	0.0008318000	-148.8500000000	6.2472440000
27.0000000000	0.0388987000	-5.5320000000	0.0008336000	-148.8600000000	6.2477600000
27.0000000000	0.0388987000	-5.5320000000	0.0008330000	-148.8600000000	6.2478180000
27.0000000000	0.0388987000	-5.5320000000	0.0008334000	-148.9000000000	6.2480240000
27.0000000000	0.0388987000	-5.5320000000	0.0008332000	-148.8800000000	6.2475810000
27.0000000000	0.0388987000	-5.5320000000	0.0008334000	-148.7300000000	6.2471930000
27.0000000000	0.0388987000	-5.5320000000	0.0008344000	-148.8500000000	6.2473420000
28.0000000000	0.0388205000	-5.5200000000	0.0008312000	-148.8600000000	6.2290480000
28.0000000000	0.0388205000	-5.5200000000	0.0008314000	-148.9200000000	6.2291420000
28.0000000000	0.0388186000	-5.5200000000	0.0008304000	-148.8100000000	6.2288560000
28.0000000000	0.0388186000	-5.5200000000	0.0008318000	-148.7000000000	6.2286490000
28.0000000000	0.0388205000	-5.5200000000	0.0008312000	-148.8900000000	6.2282330000
28.0000000000	0.0388224000	-5.5200000000	0.0008304000	-148.7900000000	6.2276580000
28.0000000000	0.0388243000	-5.5200000000	0.0008308000	-148.9300000000	6.2265310000
28.0000000000	0.0388243000	-5.5200000000	0.0008310000	-148.9000000000	6.2270540000
28.0000000000	0.0388262000	-5.5200000000	0.0008300000	-148.8200000000	6.2276760000
28.0000000000	0.0388262000	-5.5200000000	0.0008298000	-148.7900000000	6.2282330000
29.0000000000	0.0387557000	-5.5080000000	0.0008282000	-148.9300000000	6.2065590000
29.0000000000	0.0387576000	-5.5080000000	0.0008264000	-148.9300000000	6.2055440000
29.0000000000	0.0387595000	-5.5080000000	0.0008276000	-148.7700000000	6.2047100000
29.0000000000	0.0387576000	-5.5080000000	0.0008276000	-148.8800000000	6.2046500000
29.0000000000	0.0387576000	-5.5080000000	0.0008280000	-148.8800000000	6.2049890000
29.0000000000	0.0387576000	-5.5080000000	0.0008292000	-148.8600000000	6.2048460000
29.0000000000	0.0387576000	-5.5080000000	0.0008288000	-148.8200000000	6.2056620000
29.0000000000	0.0387576000	-5.5080000000	0.0008278000	-148.8000000000	6.2054170000
29.0000000000	0.0387595000	-5.5080000000	0.0008274000	-148.8100000000	6.2048710000
29.0000000000	0.0387595000	-5.5080000000	0.0008276000	-148.9400000000	6.2049240000
30.0000000000	0.0386927000	-5.4960000000	0.0008250000	-148.9000000000	6.1930910000
30.0000000000	0.0386946000	-5.4960000000	0.0008244000	-148.7800000000	6.1932430000
30.0000000000	0.0386965000	-5.4960000000	0.0008252000	-148.8800000000	6.1922860000
30.0000000000	0.0386984000	-5.4960000000	0.0008254000	-148.9800000000	6.1920740000
30.0000000000	0.0386946000	-5.4960000000	0.0008256000	-148.8900000000	6.1920140000
30.0000000000	0.0386927000	-5.4960000000	0.0008242000	-148.9400000000	6.1933170000
30.0000000000	0.0386908000	-5.4960000000	0.0008242000	-148.9900000000	6.1940730000
30.0000000000	0.0386927000	-5.4960000000	0.0008254000	-148.8900000000	6.1940370000
30.0000000000	0.0386927000	-5.4960000000	0.0008250000	-148.8700000000	6.1931560000
30.0000000000	0.0386927000	-5.4960000000	0.0008268000	-148.9500000000	6.1931170000
31.0000000000	0.0386336000	-5.4840000000	0.0008228000	-148.9100000000	6.1694370000
31.0000000000	0.0386336000	-5.4840000000	0.0008238000	-148.9800000000	6.1693320000
31.0000000000	0.0386336000	-5.4840000000	0.0008236000	-148.8700000000	6.1688450000
31.0000000000	0.0386336000	-5.4840000000	0.0008248000	-148.9400000000	6.1685360000
31.0000000000	0.0386317000	-5.4840000000	0.0008218000	-148.9400000000	6.1684620000
31.0000000000	0.0386336000	-5.4840000000	0.0008232000	-148.8600000000	6.1674460000
31.0000000000	0.0386317000	-5.4840000000	0.0008230000	-148.8500000000	6.1670990000
31.0000000000	0.0386317000	-5.4840000000	0.0008238000	-148.8900000000	6.1672800000
31.0000000000	0.0386336000	-5.4840000000	0.0008228000	-148.7800000000	6.1672470000
31.0000000000	0.0386336000	-5.4840000000	0.0008240000	-148.9300000000	6.1673220000
32.0000000000	0.0385687000	-5.4780000000	0.0008194000	-148.8600000000	6.1491280000
32.0000000000	0.0385687000	-5.4780000000	0.0008196000	-149.0400000000	6.1491200000
32.0000000000	0.0385687000	-5.4780000000	0.0008208000	-148.9100000000	6.1487570000
32.0000000000	0.0385687000	-5.4780000000	0.0008210000	-149.0300000000	6.1492350000
32.0000000000	0.0385706000	-5.4780000000	0.0008202000	-148.9000000000	6.1495850000
32.0000000000	0.0385725000	-5.4780000000	0.0008212000	-149.0000000000	6.1498760000
32.0000000000	0.0385725000	-5.4780000000	0.0008200000	-148.8900000000	6.1500110000
32.0000000000	0.0385706000	-5.4780000000	0.0008202000	-148.8500000000	6.1496230000
32.0000000000	0.0385706000	-5.4780000000	0.0008220000	-148.8600000000	6.1489470000
32.0000000000	0.0385687000	-5.4780000000	0.0008204000	-148.9300000000	6.1474800000
33.0000000000	0.0385039000	-5.4660000000	0.0008188000	-148.9400000000	6.1304490000
33.0000000000	0.0385058000	-5.4660000000	0.0008180000	-148.9100000000	6.1304310000
33.0000000000	0.0385058000	-5.4660000000	0.0008184000	-148.9300000000	6.1308990000
33.0000000000	0.0385039000	-5.4660000000	0.0008174000	-148.9000000000	6.1312540000
33.0000000000	0.0385020000	-5.4660000000	0.0008176000	-149.0000000000	6.1315180000
33.0000000000	0.0385020000	-5.4660000000	0.0008190000	-148.9100000000	6.1327430000
33.0000000000	0.0385020000	-5.4660000000	0.0008200000	-148.9200000000	6.1332450000
33.0000000000	0.0385039000	-5.4660000000	0.0008180000	-148.8900000000	6.1334190000
33.0000000000	0.0385039000	-5.4660000000	0.0008164000	-148.9000000000	6.1335840000
33.0000000000	0.0385058000	-5.4660000000	0.0008182000	-148.8900000000	6.1336200000
34.0000000000	0.0384467000	-5.4600000000	0.0008162000	-148.9700000000	6.1130940000
34.0000000000	0.0384467000	-5.4600000000	0.0008154000	-149.0200000000	6.1127560000
34.0000000000	0.0384486000	-5.4600000000	0.0008154000	-149.0200000000	6.1118570000
34.0000000000	0.0384467000	-5.4600000000	0.0008154000	-148.8900000000	6.1118300000
34.0000000000	0.0384486000	-5.4600000000	0.0008148000	-148.9100000000	6.1118680000
34.0000000000	0.0384486000	-5.4600000000	0.0008176000	-148.9300000000	6.1113180000
34.0000000000	0.0384486000	-5.4600000000	0.0008162000	-148.8700000000	6.1117810000
34.0000000000	0.0384486000	-5.4600000000	0.0008162000	-148.9400000000	6.1118050000
34.0000000000	0.0384486000	-5.4600000000	0.0008156000	-149.0300000000	6.1118830000
34.0000000000	0.0384486000	-5.4600000000	0.0008150000	-148.8900000000	6.1116330000
35.0000000000	0.0383933000	-5.4480000000	0.0008144000	-148.8700000000	6.0998070000
35.0000000000	0.0383933000	-5.4480000000	0.0008132000	-149.0100000000	6.0990410000
35.0000000000	0.0383933000	-5.4480000000	0.0008146000	-148.9000000000	6.0976590000
35.0000000000	0.0383933000	-5.4480000000	0.0008136000	-148.9900000000	6.0980230000
35.0000000000	0.0383933000	-5.4480000000	0.0008144000	-149.0900000000	6.0986400000
35.0000000000	0.0383914000	-5.4480000000	0.0008144000	-148.8400000000	6.0992390000
35.0000000000	0.0383914000	-5.4480000000	0.0008130000	-149.0200000000	6.0995620000
35.0000000000	0.0383894000	-5.4480000000	0.0008142000	-148.9800000000	6.0991330000
35.0000000000	0.0383914000	-5.4480000000	0.0008138000	-149.0000000000	6.0984950000
35.0000000000	0.0383933000	-5.4480000000	0.0008142000	-148.9200000000	6.0989020000
36.0000000000	0.0383437000	-5.4420000000	0.0008126000	-149.0000000000	6.0733580000
36.0000000000	0.0383399000	-5.4420000000	0.0008126000	-148.9500000000	6.0727040000
36.0000000000	0.0383418000	-5.4420000000	0.0008116000	-148.9600000000	6.0722820000
36.0000000000	0.0383399000	-5.4420000000	0.0008130000	-149.0300000000	6.0717330000
36.0000000000	0.0383360000	-5.4420000000	0.0008128000	-149.0500000000	6.0725140000
36.0000000000	0.0383360000	-5.4420000000	0.0008124000	-148.9800000000	6.0735680000
36.0000000000	0.0383360000	-5.4420000000	0.0008118000	-149.0100000000	6.0725840000
36.0000000000	0.0383360000	-5.4420000000	0.0008116000	-149.0700000000	6.0735000000
36.0000000000	0.0383360000	-5.4420000000	0.0008108000	-148.9100000000	6.0740140000
36.0000000000	0.0383360000	-5.4420000000	0.0008118000	-149.0500000000	6.0736620000
37.0000000000	0.0382864000	-5.4360000000	0.0008106000	-149.0100000000	6.0574730000
37.0000000000	0.0382864000	-5.4360000000	0.0008106000	-148.9700000000	6.0576540000
37.0000000000	0.0382864000	-5.4360000000	0.0008104000	-148.9000000000	6.0574330000
37.0000000000	0.0382884000	-5.4300000000	0.0008106000	-149.0500000000	6.0571810000
37.0000000000	0.0382884000	-5.4300000000	0.0008100000	-148.9300000000	6.0569520000
37.0000000000	0.0382864000	-5.4360000000	0.0008100000	-148.9800000000	6.0580400000
37.0000000000	0.0382864000	-5.4360000000	0.0008100000	-149.0100000000	6.0587060000
37.0000000000	0.0382864000	-5.4360000000	0.0008124000	-149.0200000000	6.0589340000
37.0000000000	0.0382864000	-5.4360000000	0.0008104000	-149.0200000000	6.0575870000
37.0000000000	0.0382864000	-5.4360000000	0.0008096000	-148.9100000000	6.0571000000
38.0000000000	0.0382388000	-5.4240000000	0.0008066000	-148.9600000000	6.0297850000
38.0000000000	0.0382388000	-5.4240000000	0.0008092000	-149.0400000000	6.0309950000
38.0000000000	0.0382369000	-5.4240000000	0.0008096000	-149.0900000000	6.0324550000
38.0000000000	0.0382369000	-5.4240000000	0.0008088000	-149.0300000000	6.0328320000
38.0000000000	0.0382330000	-5.4240000000	0.0008078000	-149.0200000000	6.0322740000
38.0000000000	0.0382311000	-5.4240000000	0.0008086000	-148.9700000000	6.0326810000
38.0000000000	0.0382330000	-5.4240000000	0.0008068000	-149.0600000000	6.0327240000
38.0000000000	0.0382369000	-5.4240000000	0.0008074000	-149.0800000000	6.0324350000
38.0000000000	0.0382369000	-5.4240000000	0.0008078000	-148.9900000000	6.0325310000
38.0000000000	0.0382369000	-5.4240000000	0.0008100000	-149.1100000000	6.0319020000
39.0000000000	0.0381854000	-5.4180000000	0.0008078000	-149.1500000000	6.0133990000
39.0000000000	0.0381873000	-5.4180000000	0.0008062000	-149.1200000000	6.0122200000
39.0000000000	0.0381892000	-5.4180000000	0.0008080000	-149.0000000000	6.0118560000
39.0000000000	0.0381892000	-5.4180000000	0.0008062000	-148.9900000000	6.0119300000
39.0000000000	0.0381892000	-5.4180000000	0.0008068000	-148.9700000000	6.0124390000
39.0000000000	0.0381892000	-5.4180000000	0.0008074000	-149.0800000000	6.0125260000
39.0000000000	0.0381892000	-5.4180000000	0.0008070000	-148.9600000000	6.0120490000
39.0000000000	0.0381892000	-5.4180000000	0.0008070000	-149.0600000000	6.0126010000
39.0000000000	0.0381892000	-5.4180000000	0.0008070000	-149.0500000000	6.0117650000
39.0000000000	0.0381873000	-5.4180000000	0.0008050000	-149.0900000000	6.0118740000
40.0000000000	0.0381453000	-5.4120000000	0.0008052000	-149.0400000000	5.9926180000
40.0000000000	0.0381453000	-5.4120000000	0.0008048000	-149.0600000000	5.9924920000
40.0000000000	0.0381453000	-5.4120000000	0.0008066000	-149.0200000000	5.9924920000
40.0000000000	0.0381453000	-5.4120000000	0.0008052000	-149.0000000000	5.9924550000
40.0000000000	0.0381472000	-5.4120000000	0.0008050000	-148.9500000000	5.9924720000
40.0000000000	0.0381472000	-5.4120000000	0.0008052000	-149.0800000000	5.9918830000
40.0000000000	0.0381472000	-5.4120000000	0.0008036000	-149.1500000000	5.9918290000
40.0000000000	0.0381472000	-5.4120000000	0.0008048000	-149.1000000000	5.9918830000
40.0000000000	0.0381472000	-5.4120000000	0.0008046000	-149.0600000000	5.9918780000
40.0000000000	0.0381472000	-5.4120000000	0.0008060000	-149.0100000000	5.9913430000
39.5000000000	0.0381701000	-5.4120000000	0.0008058000	-149.0900000000	5.9897680000
39.5000000000	0.0381701000	-5.4120000000	0.0008058000	-149.0000000000	5.9891860000
39.5000000000	0.0381701000	-5.4120000000	0.0008062000	-149.0000000000	5.9883030000
39.5000000000	0.0381701000	-5.4120000000	0.0008070000	-149.0700000000	5.9892100000
39.5000000000	0.0381663000	-5.4180000000	0.0008052000	-149.1000000000	5.9897790000
39.5000000000	0.0381644000	-5.4180000000	0.0008068000	-148.9600000000	5.9897190000
39.5000000000	0.0381663000	-5.4180000000	0.0008074000	-149.0300000000	5.9901950000
39.5000000000	0.0381682000	-5.4180000000	0.0008068000	-149.0500000000	5.9899840000
39.5000000000	0.0381682000	-5.4180000000	0.0008068000	-149.1800000000	5.9905100000
39.5000000000	0.0381682000	-5.4180000000	0.0008074000	-149.0400000000	5.9905110000
38.5000000000	0.0382121000	-5.4240000000	0.0008084000	-148.9500000000	6.0196400000
38.5000000000	0.0382121000	-5.4240000000	0.0008070000	-149.0200000000	6.0190690000
38.5000000000	0.0382121000	-5.4240000000	0.0008078000	-148.9900000000	6.0191210000
38.5000000000	0.0382121000	-5.4240000000	0.0008074000	-148.9800000000	6.0191120000
38.5000000000	0.0382121000	-5.4240000000	0.0008090000	-149.0300000000	6.0194590000
38.5000000000	0.0382121000	-5.4240000000	0.0008070000	-149.0200000000	6.0194860000
38.5000000000	0.0382121000	-5.4240000000	0.0008080000	-149.0500000000	6.0196250000
38.5000000000	0.0382121000	-5.4240000000	0.0008078000	-149.1200000000	6.0202910000
38.5000000000	0.0382121000	-5.4240000000	0.0008080000	-149.0400000000	6.0203070000
38.5000000000	0.0382121000	-5.4240000000	0.0008070000	-148.9300000000	6.0201780000
37.5000000000	0.0382578000	-5.4300000000	0.0008084000	-149.0400000000	6.0344220000
37.5000000000	0.0382597000	-5.4300000000	0.0008092000	-148.9800000000	6.0343940000
37.5000000000	0.0382617000	-5.4300000000	0.0008082000	-148.9800000000	6.0352080000
37.5000000000	0.0382617000	-5.4300000000	0.0008108000	-148.9400000000	6.0351970000
37.5000000000	0.0382597000	-5.4300000000	0.0008092000	-149.0400000000	6.0349950000
37.5000000000	0.0382597000	-5.4300000000	0.0008104000	-149.0600000000	6.0343740000
37.5000000000	0.0382578000	-5.4300000000	0.0008100000	-148.9500000000	6.0340520000
37.5000000000	0.0382578000	-5.4300000000	0.0008094000	-148.9500000000	6.0337730000
37.5000000000	0.0382597000	-5.4300000000	0.0008086000	-149.0300000000	6.0340350000
37.5000000000	0.0382597000	-5.4300000000	0.0008100000	-148.9500000000	6.0340720000
36.5000000000	0.0383093000	-5.4360000000	0.0008120000	-149.0400000000	6.0696080000
36.5000000000	0.0383093000	-5.4360000000	0.0008096000	-148.9300000000	6.0698150000
36.5000000000	0.0383074000	-5.4360000000	0.0008114000	-148.9900000000	6.0702960000
36.5000000000	0.0383055000	-5.4360000000	0.0008108000	-148.9300000000	6.0706560000
36.5000000000	0.0383036000	-5.4360000000	0.0008112000	-148.9600000000	6.0709780000
36.5000000000	0.0383036000	-5.4360000000	0.0008098000	-148.9000000000	6.0710020000
36.5000000000	0.0383036000	-5.4360000000	0.0008110000	-149.0500000000	6.0717240000
36.5000000000	0.0383036000	-5.4360000000	0.0008120000	-149.0200000000	6.0725670000
36.5000000000	0.0383074000	-5.4360000000	0.0008106000	-148.9700000000	6.0730240000
36.5000000000	0.0383055000	-5.4360000000	0.0008110000	-148.9900000000	6.0730140000
35.5000000000	0.0383627000	-5.4420000000	0.0008148000	-149.0400000000	6.0869070000
35.5000000000	0.0383627000	-5.4420000000	0.0008134000	-148.8900000000	6.0861130000
35.5000000000	0.0383627000	-5.4420000000	0.0008128000	-149.0600000000	6.0848620000
35.5000000000	0.0383627000	-5.4420000000	0.0008128000	-149.0900000000	6.0840740000
35.5000000000	0.0383627000	-5.4420000000	0.0008120000	-148.9100000000	6.0840790000
35.5000000000	0.0383627000	-5.4420000000	0.0008122000	-148.8900000000	6.0844530000
35.5000000000	0.0383627000	-5.4420000000	0.0008122000	-149.0400000000	6.0849510000
35.5000000000	0.0383627000	-5.4420000000	0.0008126000	-148.8900000000	6.0852750000
35.5000000000	0.0383627000	-5.4420000000	0.0008116000	-149.0000000000	6.0858220000
35.5000000000	0.0383608000	-5.4420000000	0.0008128000	-148.9000000000	6.0859200000
34.5000000000	0.0384085000	-5.4540000000	0.0008152000	-148.9900000000	6.1092890000
34.5000000000	0.0384085000	-5.4540000000	0.0008154000	-148.8000000000	6.1096500000
34.5000000000	0.0384066000	-5.4540000000	0.0008130000	-148.8900000000	6.1103890000
34.5000000000	0.0384066000	-5.4540000000	0.0008156000	-148.8800000000	6.1113460000
34.5000000000	0.0384085000	-5.4540000000	0.0008138000	-149.1100000000	6.1110210000
34.5000000000	0.0384066000	-5.4540000000	0.0008148000	-149.0500000000	6.1107970000
34.5000000000	0.0384047000	-5.4540000000	0.0008144000	-148.9200000000	6.1100600000
34.5000000000	0.0384085000	-5.4540000000	0.0008162000	-149.0400000000	6.1097150000
34.5000000000	0.0384085000	-5.4540000000	0.0008146000	-148.9300000000	6.1097770000
34.5000000000	0.0384085000	-5.4540000000	0.0008150000	-148.8900000000	6.1096740000
33.5000000000	0.0384638000	-5.4660000000	0.0008162000	-148.8900000000	6.1324130000
33.5000000000	0.0384638000	-5.4660000000	0.0008174000	-149.0300000000	6.1326050000
33.5000000000	0.0384638000	-5.4660000000	0.0008178000	-148.9600000000	6.1328380000
33.5000000000	0.0384657000	-5.4660000000	0.0008170000	-148.8800000000	6.1328490000
33.5000000000	0.0384676000	-5.4600000000	0.0008164000	-148.9200000000	6.1323650000
33.5000000000	0.0384676000	-5.4600000000	0.0008170000	-148.8400000000	6.1320610000
33.5000000000	0.0384676000	-5.4600000000	0.0008172000	-148.9800000000	6.1320470000
33.5000000000	0.0384676000	-5.4600000000	0.0008174000	-148.8400000000	6.1327820000
33.5000000000	0.0384657000	-5.4660000000	0.0008162000	-148.9100000000	6.1324830000
33.5000000000	0.0384638000	-5.4660000000	0.0008166000	-148.9300000000	6.1322650000
32.5000000000	0.0385172000	-5.4720000000	0.0008184000	-149.0000000000	6.1444000000
32.5000000000	0.0385191000	-5.4720000000	0.0008200000	-148.9200000000	6.1442340000
32.5000000000	0.0385191000	-5.4720000000	0.0008198000	-148.9600000000	6.1452240000
32.5000000000	0.0385172000	-5.4720000000	0.0008196000	-149.0300000000	6.1462070000
32.5000000000	0.0385211000	-5.4720000000	0.0008196000	-148.8400000000	6.1473510000
32.5000000000	0.0385211000	-5.4720000000	0.0008198000	-148.9400000000	6.1482600000
32.5000000000	0.0385191000	-5.4720000000	0.0008184000	-148.9300000000	6.1489260000
32.5000000000	0.0385191000	-5.4720000000	0.0008190000	-148.9100000000	6.1493780000
32.5000000000	0.0385191000	-5.4720000000	0.0008200000	-148.9500000000	6.1497420000
32.5000000000	0.0385153000	-5.4720000000	0.0008188000	-148.9600000000	6.1498370000
31.5000000000	0.0385802000	-5.4780000000	0.0008218000	-148.8100000000	6.1686410000
31.5000000000	0.0385783000	-5.4780000000	0.0008216000	-148.9700000000	6.1681870000
31.5000000000	0.0385783000	-5.4780000000	0.0008224000	-148.8400000000	6.1687920000
31.5000000000	0.0385802000	-5.4780000000	0.0008220000	-148.8900000000	6.1687770000
31.5000000000	0.0385802000	-5.4780000000	0.0008208000	-148.9200000000	6.1696170000
31.5000000000	0.0385802000	-5.4780000000	0.0008198000	-148.9000000000	6.1697760000
31.5000000000	0.0385802000	-5.4780000000	0.0008202000	-148.8700000000	6.1702660000
31.5000000000	0.0385802000	-5.4780000000	0.0008206000	-148.9200000000	6.1701570000
31.5000000000	0.0385802000	-5.4780000000	0.0008214000	-148.9400000000	6.1696160000
31.5000000000	0.0385802000	-5.4780000000	0.0008218000	-148.9200000000	6.1687530000
30.5000000000	0.0386431000	-5.4900000000	0.0008242000	-148.8700000000	6.1906770000
30.5000000000	0.0386431000	-5.4900000000	0.0008232000	-148.8700000000	6.1898980000
30.5000000000	0.0386431000	-5.4900000000	0.0008226000	-149.0600000000	6.1886400000
30.5000000000	0.0386431000	-5.4900000000	0.0008246000	-149.0000000000	6.1882700000
30.5000000000	0.0386450000	-5.4900000000	0.0008242000	-148.8800000000	6.1875720000
30.5000000000	0.0386450000	-5.4900000000	0.0008232000	-148.8700000000	6.1871230000
30.5000000000	0.0386450000	-5.4900000000	0.0008232000	-148.9900000000	6.1859250000
30.5000000000	0.0386450000	-5.4900000000	0.0008244000	-148.9000000000	6.1846350000
30.5000000000	0.0386431000	-5.4900000000	0.0008244000	-148.9000000000	6.1847400000
30.5000000000	0.0386431000	-5.4900000000	0.0008232000	-148.9300000000	6.1851440000
29.5000000000	0.0387061000	-5.5020000000	0.0008266000	-148.8600000000	6.2099880000
29.5000000000	0.0387042000	-5.5020000000	0.0008256000	-148.8400000000	6.2094380000
29.5000000000	0.0387042000	-5.5020000000	0.0008256000	-148.8700000000	6.2098050000
29.5000000000	0.0387042000	-5.5020000000	0.0008260000	-148.8800000000	6.2105030000
29.5000000000	0.0387022000	-5.5020000000	0.0008268000	-148.8100000000	6.2102030000
29.5000000000	0.0387042000	-5.5020000000	0.0008256000	-148.8500000000	6.2096320000
29.5000000000	0.0387061000	-5.5020000000	0.0008262000	-148.8800000000	6.2097210000
29.5000000000	0.0387022000	-5.5020000000	0.0008246000	-148.8200000000	6.2089730000
29.5000000000	0.0387022000	-5.5020000000	0.0008254000	-148.9100000000	6.2077860000
29.5000000000	0.0387003000	-5.5020000000	0.0008256000	-148.9400000000	6.2075330000
28.5000000000	0.0387690000	-5.5080000000	0.0008286000	-148.8200000000	6.2312610000
28.5000000000	0.0387671000	-5.5080000000	0.0008274000	-148.7800000000	6.2317300000
28.5000000000	0.0387652000	-5.5080000000	0.0008282000	-148.9400000000	6.2321760000
28.5000000000	0.0387671000	-5.5080000000	0.0008274000	-148.9900000000	6.2319400000
28.5000000000	0.0387652000	-5.5080000000	0.0008280000	-148.8500000000	6.2312060000
28.5000000000	0.0387671000	-5.5080000000	0.0008284000	-148.8500000000	6.2317180000
28.5000000000	0.0387652000	-5.5080000000	0.0008276000	-148.8800000000	6.2324770000
28.5000000000	0.0387671000	-5.5080000000	0.0008290000	-148.8700000000	6.2330400000
28.5000000000	0.0387671000	-5.5080000000	0.0008280000	-148.8300000000	6.2329470000
28.5000000000	0.0387671000	-5.5080000000	0.0008304000	-148.9300000000	6.2330840000
27.5000000000	0.0388319000	-5.5200000000	0.0008306000	-148.8100000000	6.2523580000
27.5000000000	0.0388319000	-5.5200000000	0.0008306000	-148.8100000000	6.2527370000
27.5000000000	0.0388319000	-5.5200000000	0.0008308000	-148.9000000000	6.2530200000
27.5000000000	0.0388319000	-5.5200000000	0.0008310000	-148.8000000000	6.2523430000
27.5000000000	0.0388319000	-5.5200000000	0.0008320000	-148.8700000000	6.2511960000
27.5000000000	0.0388319000	-5.5200000000	0.0008304000	-148.8500000000	6.2507550000
27.5000000000	0.0388319000	-5.5200000000	0.0008312000	-148.8400000000	6.2508020000
27.5000000000	0.0388319000	-5.5200000000	0.0008298000	-148.8300000000	6.2507940000
27.5000000000	0.0388319000	-5.5200000000	0.0008308000	-148.8100000000	6.2506770000
27.5000000000	0.0388319000	-5.5200000000	0.0008312000	-148.8600000000	6.2507770000
26.5000000000	0.0389063000	-5.5320000000	0.0008340000	-148.7800000000	6.2745330000
26.5000000000	0.0389063000	-5.5320000000	0.0008342000	-148.9000000000	6.2738700000
26.5000000000	0.0389063000	-5.5320000000	0.0008356000	-148.7500000000	6.2735740000
26.5000000000	0.0389044000	-5.5320000000	0.0008354000	-148.8900000000	6.2741450000
26.5000000000	0.0389063000	-5.5320000000	0.0008324000	-148.8100000000	6.2743490000
26.5000000000	0.0389044000	-5.5320000000	0.0008338000	-148.9300000000	6.2745590000
26.5000000000	0.0389025000	-5.5320000000	0.0008342000	-148.8000000000	6.2753830000
26.5000000000	0.0389044000	-5.5320000000	0.0008344000	-148.8800000000	6.2762570000
26.5000000000	0.0389063000	-5.5320000000	0.0008344000	-148.8200000000	6.2765580000
26.5000000000	0.0389082000	-5.5320000000	0.0008340000	-148.8300000000	6.2768280000
25.5000000000	0.0389826000	-5.5440000000	0.0008366000	-148.8600000000	6.3006690000
25.5000000000	0.0389826000	-5.5440000000	0.0008370000	-148.8100000000	6.3011310000
25.5000000000	0.0389826000	-5.5440000000	0.0008354000	-148.8100000000	6.3021700000
25.5000000000	0.0389826000	-5.5440000000	0.0008368000	-148.7900000000	6.3026300000
25.5000000000	0.0389826000	-5.5440000000	0.0008372000	-148.8900000000	6.3027450000
25.5000000000	0.0389826000	-5.5440000000	0.0008368000	-148.7300000000	6.3025220000
25.5000000000	0.0389826000	-5.5440000000	0.0008372000	-148.8200000000	6.3023020000
25.5000000000	0.0389826000	-5.5440000000	0.0008364000	-148.8300000000	6.3011410000
25.5000000000	0.0389788000	-5.5440000000	0.0008366000	-148.7700000000	6.3009710000
25.5000000000	0.0389769000	-5.5440000000	0.0008366000	-148.8100000000	6.3019290000
24.5000000000	0.0390608000	-5.5560000000	0.0008406000	-148.8400000000	6.3216200000
24.5000000000	0.0390570000	-5.5560000000	0.0008386000	-148.7500000000	6.3212090000
24.5000000000	0.0390589000	-5.5560000000	0.0008398000	-148.7800000000	6.3214060000
24.5000000000	0.0390589000	-5.5560000000	0.0008400000	-148.7600000000	6.3214170000
24.5000000000	0.0390608000	-5.5560000000	0.0008398000	-148.9100000000	6.3217190000
24.5000000000	0.0390646000	-5.5560000000	0.0008396000	-148.8200000000	6.3213730000
24.5000000000	0.0390627000	-5.5560000000	0.0008396000	-148.7200000000	6.3219350000
24.5000000000	0.0390589000	-5.5560000000	0.0008398000	-148.9000000000	6.3216550000
24.5000000000	0.0390608000	-5.5560000000	0.0008406000	-148.7400000000	6.3211080000
24.5000000000	0.0390608000	-5.5560000000	0.0008410000	-148.9100000000	6.3210740000
23.5000000000	0.0391333000	-5.5680000000	0.0008434000	-148.8800000000	6.3416720000
23.5000000000	0.0391352000	-5.5680000000	0.0008424000	-148.7300000000	6.3421920000
23.5000000000	0.0391352000	-5.5680000000	0.0008424000	-148.9000000000	6.3429490000
23.5000000000	0.0391352000	-5.5680000000	0.0008434000	-148.7500000000	6.3424060000
23.5000000000	0.0391314000	-5.5680000000	0.0008432000	-148.9500000000	6.3418770000
23.5000000000	0.0391276000	-5.5680000000	0.0008454000	-148.8900000000	6.3417580000
23.5000000000	0.0391276000	-5.5680000000	0.0008442000	-148.7400000000	6.3420210000
23.5000000000	0.0391295000	-5.5680000000	0.0008434000	-148.7500000000	6.3417460000
23.5000000000	0.0391314000	-5.5680000000	0.0008424000	-148.7900000000	6.3413940000
23.5000000000	0.0391333000	-5.5680000000	0.0008438000	-148.9600000000	6.3410530000
22.5000000000	0.0392115000	-5.5800000000	0.0008466000	-148.8700000000	6.3611060000
22.5000000000	0.0392115000	-5.5800000000	0.0008468000	-148.8200000000	6.3608560000
22.5000000000	0.0392115000	-5.5800000000	0.0008444000	-148.7600000000	6.3604910000
22.5000000000	0.0392115000	-5.5800000000	0.0008462000	-148.7500000000	6.3602430000
22.5000000000	0.0392115000	-5.5800000000	0.0008460000	-148.7800000000	6.3610430000
22.5000000000	0.0392096000	-5.5860000000	0.0008454000	-148.7000000000	6.3621860000
22.5000000000	0.0392096000	-5.5800000000	0.0008462000	-148.8400000000	6.3628640000
22.5000000000	0.0392115000	-5.5800000000	0.0008478000	-148.8500000000	6.3637540000
22.5000000000	0.0392115000	-5.5800000000	0.0008450000	-148.7900000000	6.3638060000
22.5000000000	0.0392096000	-5.5800000000	0.0008480000	-148.7100000000	6.3635750000
21.5000000000	0.0392802000	-5.5920000000	0.0008480000	-148.7800000000	6.3807810000
21.5000000000	0.0392802000	-5.5920000000	0.0008484000	-148.7700000000	6.3822170000
21.5000000000	0.0392821000	-5.5920000000	0.0008494000	-148.7800000000	6.3827260000
21.5000000000	0.0392802000	-5.5920000000	0.0008490000	-148.7900000000	6.3829550000
21.5000000000	0.0392802000	-5.5920000000	0.0008500000	-148.7600000000	6.3835310000
21.5000000000	0.0392821000	-5.5920000000	0.0008486000	-148.7200000000	6.3838650000
21.5000000000	0.0392821000	-5.5920000000	0.0008488000	-148.7400000000	6.3834600000
21.5000000000	0.0392840000	-5.5920000000	0.0008498000	-148.7600000000	6.3832690000
21.5000000000	0.0392821000	-5.5920000000	0.0008506000	-148.7900000000	6.3833280000
21.5000000000	0.0392821000	-5.5920000000	0.0008486000	-148.7100000000	6.3835190000
20.5000000000	0.0393698000	-5.6100000000	0.0008538000	-148.7700000000	6.4073000000
20.5000000000	0.0393717000	-5.6100000000	0.0008540000	-148.6600000000	6.4062680000
20.5000000000	0.0393698000	-5.6100000000	0.0008532000	-148.7400000000	6.4055020000
20.5000000000	0.0393679000	-5.6100000000	0.0008532000	-148.7500000000	6.4054990000
20.5000000000	0.0393660000	-5.6040000000	0.0008538000	-148.8200000000	6.4057620000
20.5000000000	0.0393660000	-5.6100000000	0.0008524000	-148.7300000000	6.4060340000
20.5000000000	0.0393698000	-5.6100000000	0.0008522000	-148.6600000000	6.4066790000
20.5000000000	0.0393698000	-5.6100000000	0.0008528000	-148.7300000000	6.4064800000
20.5000000000	0.0393698000	-5.6100000000	0.0008530000	-148.7900000000	6.4069190000
20.5000000000	0.0393698000	-5.6100000000	0.0008530000	-148.7300000000	6.4072650000
19.5000000000	0.0394576000	-5.6220000000	0.0008570000	-148.7600000000	6.4223020000
19.5000000000	0.0394576000	-5.6220000000	0.0008562000	-148.7600000000	6.4218840000
19.5000000000	0.0394557000	-5.6220000000	0.0008572000	-148.7800000000	6.4216490000
19.5000000000	0.0394595000	-5.6220000000	0.0008570000	-148.8200000000	6.4212210000
19.5000000000	0.0394595000	-5.6220000000	0.0008556000	-148.8100000000	6.4210130000
19.5000000000	0.0394614000	-5.6220000000	0.0008564000	-148.7400000000	6.4199810000
19.5000000000	0.0394614000	-5.6220000000	0.0008566000	-148.8500000000	6.4210370000
19.5000000000	0.0394614000	-5.6220000000	0.0008582000	-148.7200000000	6.4218610000
19.5000000000	0.0394633000	-5.6220000000	0.0008566000	-148.7700000000	6.4227900000
19.5000000000	0.0394614000	-5.6220000000	0.0008562000	-148.7600000000	6.4228050000
18.5000000000	0.0395491000	-5.6340000000	0.0008594000	-148.6400000000	6.4406450000
18.5000000000	0.0395529000	-5.6340000000	0.0008598000	-148.7800000000	6.4412660000
18.5000000000	0.0395510000	-5.6340000000	0.0008592000	-148.7500000000	6.4420990000
18.5000000000	0.0395510000	-5.6340000000	0.0008594000	-148.7600000000	6.4421940000
18.5000000000	0.0395510000	-5.6340000000	0.0008602000	-148.6600000000	6.4416480000
18.5000000000	0.0395510000	-5.6340000000	0.0008618000	-148.7800000000	6.4413860000
18.5000000000	0.0395529000	-5.6340000000	0.0008604000	-148.7700000000	6.4411680000
18.5000000000	0.0395510000	-5.6340000000	0.0008602000	-148.7300000000	6.4407140000
18.5000000000	0.0395510000	-5.6340000000	0.0008594000	-148.7700000000	6.4401530000
18.5000000000	0.0395510000	-5.6340000000	0.0008598000	-148.7500000000	6.4396510000
17.5000000000	0.0396407000	-5.6520000000	0.0008656000	-148.6900000000	6.4670520000
17.5000000000	0.0396388000	-5.6520000000	0.0008636000	-148.8100000000	6.4668930000
17.5000000000	0.0396369000	-5.6520000000	0.0008648000	-148.7700000000	6.4670930000
17.5000000000	0.0396388000	-5.6520000000	0.0008652000	-148.8100000000	6.4667580000
17.5000000000	0.0396407000	-5.6520000000	0.0008650000	-148.6800000000	6.4658380000
17.5000000000	0.0396388000	-5.6520000000	0.0008638000	-148.7300000000	6.4650790000
17.5000000000	0.0396388000	-5.6520000000	0.0008646000	-148.7600000000	6.4648980000
17.5000000000	0.0396407000	-5.6520000000	0.0008650000	-148.7500000000	6.4647590000
17.5000000000	0.0396407000	-5.6520000000	0.0008642000	-148.6600000000	6.4645990000
17.5000000000	0.0396426000	-5.6520000000	0.0008652000	-148.8000000000	6.4649580000
16.5000000000	0.0397360000	-5.6640000000	0.0008678000	-148.8200000000	6.4866970000
16.5000000000	0.0397360000	-5.6640000000	0.0008692000	-148.8000000000	6.4864370000
16.5000000000	0.0397360000	-5.6700000000	0.0008690000	-148.7000000000	6.4867240000
16.5000000000	0.0397360000	-5.6640000000	0.0008688000	-148.8100000000	6.4870330000
16.5000000000	0.0397341000	-5.6640000000	0.0008690000	-148.7500000000	6.4867770000
16.5000000000	0.0397322000	-5.6640000000	0.0008684000	-148.7100000000	6.4863090000
16.5000000000	0.0397322000	-5.6640000000	0.0008692000	-148.7600000000	6.4866250000
16.5000000000	0.0397341000	-5.6640000000	0.0008680000	-148.8100000000	6.4872220000
16.5000000000	0.0397341000	-5.6640000000	0.0008690000	-148.7100000000	6.4870350000
16.5000000000	0.0397341000	-5.6640000000	0.0008690000	-148.6500000000	6.4868430000
15.5000000000	0.0398333000	-5.6820000000	0.0008720000	-148.7700000000	6.5117090000
15.5000000000	0.0398352000	-5.6820000000	0.0008726000	-148.7200000000	6.5114660000
15.5000000000	0.0398333000	-5.6820000000	0.0008732000	-148.7200000000	6.5112720000
15.5000000000	0.0398333000	-5.6820000000	0.0008714000	-148.7000000000	6.5107620000
15.5000000000	0.0398333000	-5.6820000000	0.0008724000	-148.8100000000	6.5106330000
15.5000000000	0.0398333000	-5.6820000000	0.0008718000	-148.7200000000	6.5098070000
15.5000000000	0.0398352000	-5.6820000000	0.0008726000	-148.7100000000	6.5089340000
15.5000000000	0.0398352000	-5.6820000000	0.0008742000	-148.7800000000	6.5085350000
15.5000000000	0.0398314000	-5.6820000000	0.0008726000	-148.8300000000	6.5087220000
15.5000000000	0.0398333000	-5.6820000000	0.0008726000	-148.7900000000	6.5085370000
14.5000000000	0.0399287000	-5.7000000000	0.0008756000	-148.6200000000	6.5382840000
14.5000000000	0.0399287000	-5.7000000000	0.0008764000	-148.6400000000	6.5383990000
14.5000000000	0.0399287000	-5.7000000000	0.0008766000	-148.6800000000	6.5379890000
14.5000000000	0.0399287000	-5.7000000000	0.0008768000	-148.7400000000	6.5384820000
14.5000000000	0.0399287000	-5.7000000000	0.0008780000	-148.6600000000	6.5392460000
14.5000000000	0.0399287000	-5.7000000000	0.0008760000	-148.7500000000	6.5397260000
14.5000000000	0.0399287000	-5.7000000000	0.0008772000	-148.7300000000	6.5397480000
14.5000000000	0.0399306000	-5.7000000000	0.0008776000	-148.7600000000	6.5392830000
14.5000000000	0.0399287000	-5.7000000000	0.0008772000	-148.7500000000	6.5394470000
14.5000000000	0.0399287000	-5.7000000000	0.0008750000	-148.6400000000	6.5401840000
13.5000000000	0.0400279000	-5.7120000000	0.0008820000	-148.6500000000	6.5599110000
13.5000000000	0.0400279000	-5.7120000000	0.0008804000	-148.7500000000	6.5594280000
13.5000000000	0.0400279000	-5.7120000000	0.0008822000	-148.6400000000	6.5590100000
13.5000000000	0.0400279000	-5.7120000000	0.0008814000	-148.7300000000	6.5583300000
13.5000000000	0.0400279000	-5.7120000000	0.0008808000	-148.5500000000	6.5573250000
13.5000000000	0.0400259000	-5.7120000000	0.0008818000	-148.7900000000	6.5569650000
13.5000000000	0.0400279000	-5.7120000000	0.0008806000	-148.6400000000	6.5560480000
13.5000000000	0.0400279000	-5.7120000000	0.0008816000	-148.7200000000	6.5558400000
13.5000000000	0.0400240000	-5.7120000000	0.0008806000	-148.7100000000	6.5556280000
13.5000000000	0.0400202000	-5.7120000000	0.0008816000	-148.7300000000	6.5550350000
12.5000000000	0.0401499000	-5.7360000000	0.0008860000	-148.7100000000	6.5343200000
12.5000000000	0.0401499000	-5.7360000000	0.0008866000	-148.7400000000	6.5333600000
12.5000000000	0.0401518000	-5.7360000000	0.0008868000	-148.7300000000	6.5327770000
12.5000000000	0.0401537000	-5.7360000000	0.0008858000	-148.6400000000	6.5325340000
12.5000000000	0.0401518000	-5.7360000000	0.0008856000	-148.6500000000	6.5316050000
12.5000000000	0.0401537000	-5.7360000000	0.0008850000	-148.7700000000	6.5304360000
12.5000000000	0.0401556000	-5.7360000000	0.0008858000	-148.7100000000	6.5297650000
12.5000000000	0.0401556000	-5.7360000000	0.0008854000	-148.8300000000	6.5293530000
12.5000000000	0.0401537000	-5.7360000000	0.0008868000	-148.7000000000	6.5281930000
12.5000000000	0.0401537000	-5.7360000000	0.0008876000	-148.6900000000	6.5270300000
11.5000000000	0.0403368000	-5.7660000000	0.0008958000	-148.7100000000	6.4385920000
11.5000000000	0.0403368000	-5.7660000000	0.0008950000	-148.6600000000	6.4372700000
11.5000000000	0.0403368000	-5.7660000000	0.0008942000	-148.7800000000	6.4363750000
11.5000000000	0.0403368000	-5.7660000000	0.0008944000	-148.7300000000	6.4356740000
11.5000000000	0.0403368000	-5.7660000000	0.0008952000	-148.7700000000	6.4354830000
11.5000000000	0.0403388000	-5.7660000000	0.0008954000	-148.8200000000	6.4356020000
11.5000000000	0.0403388000	-5.7660000000	0.0008930000	-148.7600000000	6.4355960000
11.5000000000	0.0403388000	-5.7660000000	0.0008952000	-148.6700000000	6.4370220000
11.5000000000	0.0403388000	-5.7660000000	0.0008962000	-148.7200000000	6.4379600000
11.5000000000	0.0403426000	-5.7660000000	0.0008968000	-148.7300000000	6.4369310000
10.5000000000	0.0405047000	-5.7900000000	0.0009028000	-148.6500000000	6.4037760000
10.5000000000	0.0405085000	-5.7900000000	0.0009044000	-148.6800000000	6.4041740000
10.5000000000	0.0405085000	-5.7900000000	0.0009040000	-148.6800000000	6.4036510000
10.5000000000	0.0405085000	-5.7900000000	0.0009016000	-148.7300000000	6.4033490000
10.5000000000	0.0405066000	-5.7900000000	0.0009024000	-148.7600000000	6.4032220000
10.5000000000	0.0405085000	-5.7900000000	0.0009044000	-148.6700000000	6.4039600000
10.5000000000	0.0405085000	-5.7900000000	0.0009036000	-148.6700000000	6.4041690000
10.5000000000	0.0405085000	-5.7900000000	0.0009024000	-148.7300000000	6.4043300000
10.5000000000	0.0405085000	-5.7900000000	0.0009036000	-148.6100000000	6.4039060000
10.5000000000	0.0405085000	-5.7900000000	0.0009032000	-148.6800000000	6.4040110000
9.5000000000	0.0406153000	-5.8080000000	0.0009080000	-148.7400000000	6.4383350000
9.5000000000	0.0406115000	-5.8080000000	0.0009072000	-148.7200000000	6.4390930000
9.5000000000	0.0406096000	-5.8080000000	0.0009078000	-148.6900000000	6.4398880000
9.5000000000	0.0406134000	-5.8080000000	0.0009076000	-148.7300000000	6.4394770000
9.5000000000	0.0406134000	-5.8080000000	0.0009094000	-148.6200000000	6.4402370000
9.5000000000	0.0406134000	-5.8080000000	0.0009074000	-148.6300000000	6.4407880000
9.5000000000	0.0406134000	-5.8080000000	0.0009070000	-148.6300000000	6.4416170000
9.5000000000	0.0406115000	-5.8080000000	0.0009076000	-148.7500000000	6.4415530000
9.5000000000	0.0406115000	-5.8080000000	0.0009080000	-148.7100000000	6.4413910000
9.5000000000	0.0406096000	-5.8080000000	0.0009082000	-148.6300000000	6.4414790000
8.5000000000	0.0406840000	-5.8200000000	0.0009096000	-148.7200000000	6.4989700000
8.5000000000	0.0406840000	-5.8200000000	0.0009104000	-148.6500000000	6.4994900000
8.5000000000	0.0406859000	-5.8200000000	0.0009096000	-148.7500000000	6.5001110000
8.5000000000	0.0406878000	-5.8200000000	0.0009102000	-148.6900000000	6.5003210000
8.5000000000	0.0406840000	-5.8200000000	0.0009100000	-148.7100000000	6.5006020000
8.5000000000	0.0406840000	-5.8200000000	0.0009120000	-148.6800000000	6.5007120000
8.5000000000	0.0406859000	-5.8200000000	0.0009112000	-148.7200000000	6.4997570000
8.5000000000	0.0406859000	-5.8200000000	0.0009110000	-148.6700000000	6.4987410000
8.5000000000	0.0406859000	-5.8200000000	0.0009114000	-148.6900000000	6.4997430000
8.5000000000	0.0406859000	-5.8200000000	0.0009102000	-148.7500000000	6.5006690000
7.5000000000	0.0407488000	-5.8320000000	0.0009136000	-148.7500000000	6.5346590000
7.5000000000	0.0407546000	-5.8320000000	0.0009146000	-148.6700000000	6.5358400000
7.5000000000	0.0407526000	-5.8320000000	0.0009138000	-148.7200000000	6.5368090000
7.5000000000	0.0407526000	-5.8320000000	0.0009132000	-148.6700000000	6.5367560000
7.5000000000	0.0407507000	-5.8320000000	0.0009132000	-148.6800000000	6.5368720000
7.5000000000	0.0407507000	-5.8320000000	0.0009140000	-148.7400000000	6.5371410000
7.5000000000	0.0407507000	-5.8320000000	0.0009130000	-148.7600000000	6.5376380000
7.5000000000	0.0407507000	-5.8320000000	0.0009138000	-148.7600000000	6.5382260000
7.5000000000	0.0407507000	-5.8320000000	0.0009138000	-148.5700000000	6.5382200000
7.5000000000	0.0407507000	-5.8320000000	0.0009124000	-148.7100000000	6.5390810000
6.5000000000	0.0408175000	-5.8440000000	0.0009158000	-148.6500000000	6.5706820000
6.5000000000	0.0408156000	-5.8440000000	0.0009170000	-148.6500000000	6.5701140000
6.5000000000	0.0408175000	-5.8440000000	0.0009154000	-148.6400000000	6.5702510000
6.5000000000	0.0408156000	-5.8440000000	0.0009172000	-148.7000000000	6.5703810000
6.5000000000	0.0408175000	-5.8440000000	0.0009174000	-148.7000000000	6.5709830000
6.5000000000	0.0408175000	-5.8440000000	0.0009174000	-148.6900000000	6.5713580000
6.5000000000	0.0408137000	-5.8380000000	0.0009144000	-148.6500000000	6.5715940000
6.5000000000	0.0408137000	-5.8380000000	0.0009162000	-148.6700000000	6.5715190000
6.5000000000	0.0408156000	-5.8440000000	0.0009170000	-148.6800000000	6.5716490000
6.5000000000	0.0408194000	-5.8440000000	0.0009176000	-148.5900000000	6.5722300000
5.5000000000	0.0408804000	-5.8500000000	0.0009196000	-148.6200000000	6.6097270000
5.5000000000	0.0408804000	-5.8500000000	0.0009178000	-148.7800000000	6.6097550000
5.5000000000	0.0408804000	-5.8500000000	0.0009194000	-148.6900000000	6.6091420000
5.5000000000	0.0408804000	-5.8500000000	0.0009182000	-148.7300000000	6.6087980000
5.5000000000	0.0408804000	-5.8500000000	0.0009194000	-148.6200000000	6.6094410000
5.5000000000	0.0408823000	-5.8500000000	0.0009190000	-148.6100000000	6.6094600000
5.5000000000	0.0408823000	-5.8500000000	0.0009184000	-148.7600000000	6.6088670000
5.5000000000	0.0408823000	-5.8500000000	0.0009178000	-148.5900000000	6.6080310000
5.5000000000	0.0408804000	-5.8500000000	0.0009180000	-148.7000000000	6.6084240000
5.5000000000	0.0408804000	-5.8500000000	0.0009198000	-148.6400000000	6.6076130000
4.5000000000	0.0409319000	-5.8620000000	0.0009210000	-148.6900000000	6.6221590000
4.5000000000	0.0409319000	-5.8560000000	0.0009214000	-148.6500000000	6.6226780000
4.5000000000	0.0409319000	-5.8560000000	0.0009200000	-148.6700000000	6.6228900000
4.5000000000	0.0409319000	-5.8560000000	0.0009206000	-148.6800000000	6.6227490000
4.5000000000	0.0409319000	-5.8560000000	0.0009204000	-148.5900000000	6.6226720000
4.5000000000	0.0409319000	-5.8560000000	0.0009208000	-148.6300000000	6.6225710000
4.5000000000	0.0409319000	-5.8560000000	0.0009212000	-148.6600000000	6.6222020000
4.5000000000	0.0409300000	-5.8560000000	0.0009210000	-148.6600000000	6.6216210000
4.5000000000	0.0409281000	-5.8560000000	0.0009202000	-148.7000000000	6.6208090000
4.5000000000	0.0409300000	-5.8560000000	0.0009192000	-148.6500000000	6.6207790000
3.5000000000	0.0409758000	-5.8680000000	0.0009248000	-148.6200000000	6.6397550000
3.5000000000	0.0409758000	-5.8680000000	0.0009220000	-148.6600000000	6.6390580000
3.5000000000	0.0409758000	-5.8680000000	0.0009216000	-148.6300000000	6.6392780000
3.5000000000	0.0409739000	-5.8680000000	0.0009224000	-148.5700000000	6.6394940000
3.5000000000	0.0409701000	-5.8680000000	0.0009222000	-148.6400000000	6.6401920000
3.5000000000	0.0409701000	-5.8680000000	0.0009228000	-148.6600000000	6.6406430000
3.5000000000	0.0409720000	-5.8680000000	0.0009214000	-148.7000000000	6.6407590000
3.5000000000	0.0409701000	-5.8680000000	0.0009234000	-148.6300000000	6.6404420000
3.5000000000	0.0409720000	-5.8680000000	0.0009230000	-148.7300000000	6.6399250000
3.5000000000	0.0409701000	-5.8680000000	0.0009236000	-148.6600000000	6.6395850000
2.5000000000	0.0410082000	-5.8740000000	0.0009236000	-148.5400000000	6.6527500000
2.5000000000	0.0410082000	-5.8740000000	0.0009252000	-148.6100000000	6.6539430000
2.5000000000	0.0410063000	-5.8740000000	0.0009236000	-148.6600000000	6.6542430000
2.5000000000	0.0410082000	-5.8740000000	0.0009232000	-148.5900000000	6.6539440000
2.5000000000	0.0410063000	-5.8740000000	0.0009242000	-148.6900000000	6.6545100000
2.5000000000	0.0410082000	-5.8740000000	0.0009258000	-148.6400000000	6.6539750000
2.5000000000	0.0410082000	-5.8740000000	0.0009224000	-148.6600000000	6.6539520000
2.5000000000	0.0410082000	-5.8680000000	0.0009234000	-148.6100000000	6.6547870000
2.5000000000	0.0410082000	-5.8680000000	0.0009256000	-148.6700000000	6.6557910000
2.5000000000	0.0410063000	-5.8680000000	0.0009236000	-148.6600000000	6.6555590000
1.5000000000	0.0410540000	-5.8800000000	0.0009260000	-148.6400000000	6.6421710000
1.5000000000	0.0410559000	-5.8800000000	0.0009258000	-148.6200000000	6.6416390000
1.5000000000	0.0410540000	-5.8800000000	0.0009260000	-148.5700000000	6.6412350000
1.5000000000	0.0410540000	-5.8800000000	0.0009262000	-148.5500000000	6.6411130000
1.5000000000	0.0410540000	-5.8800000000	0.0009258000	-148.5900000000	6.6399450000
1.5000000000	0.0410578000	-5.8800000000	0.0009274000	-148.7200000000	6.6382080000
1.5000000000	0.0410578000	-5.8800000000	0.0009256000	-148.6000000000	6.6373970000
1.5000000000	0.0410597000	-5.8800000000	0.0009246000	-148.5200000000	6.6367090000
1.5000000000	0.0410616000	-5.8800000000	0.0009272000	-148.6400000000	6.6358880000
1.5000000000	0.0410616000	-5.8800000000	0.0009252000	-148.5800000000	6.6353370000
0.5000000000	0.0411704000	-5.8980000000	0.0009312000	-148.6200000000	6.6758480000
0.5000000000	0.0411723000	-5.8980000000	0.0009316000	-148.6500000000	6.6748590000
0.5000000000	0.0411742000	-5.8980000000	0.0009296000	-148.6100000000	6.6748080000
0.5000000000	0.0411704000	-5.8980000000	0.0009306000	-148.6400000000	6.6740420000
0.5000000000	0.0411704000	-5.8980000000	0.0009322000	-148.6400000000	6.6740390000
0.5000000000	0.0411723000	-5.8980000000	0.0009294000	-148.7000000000	6.6732610000
0.5000000000	0.0411761000	-5.8980000000	0.0009318000	-148.5500000000	6.6718440000
0.5000000000	0.0411780000	-5.8980000000	0.0009332000	-148.6500000000	6.6709530000
0.5000000000	0.0411780000	-5.8980000000	0.0009306000	-148.7200000000	6.6708180000
0.5000000000	0.0411799000	-5.8980000000	0.0009320000	-148.6200000000	6.6709730000
-0.5000000000	0.0412428000	-5.9100000000	0.0009346000	-148.6300000000	6.6283820000
-0.5000000000	0.0412428000	-5.9100000000	0.0009336000	-148.6400000000	6.6286540000
-0.5000000000	0.0412428000	-5.9100000000	0.0009360000	-148.6600000000	6.6281530000
-0.5000000000	0.0412428000	-5.9100000000	0.0009348000	-148.6100000000	6.6272090000
-0.5000000000	0.0412409000	-5.9100000000	0.0009324000	-148.5400000000	6.6264120000
-0.5000000000	0.0412428000	-5.9100000000	0.0009336000	-148.6400000000	6.6259580000
-0.5000000000	0.0412428000	-5.9100000000	0.0009346000	-148.6300000000	6.6262380000
-0.5000000000	0.0412409000	-5.9100000000	0.0009354000	-148.6600000000	6.6256560000
-0.5000000000	0.0412428000	-5.9100000000	0.0009340000	-148.5200000000	6.6252910000
-0.5000000000	0.0412447000	-5.9100000000	0.0009346000	-148.6000000000	6.6245730000
-1.5000000000	0.0412219000	-5.9100000000	0.0009326000	-148.5700000000	6.5271310000
-1.5000000000	0.0412199000	-5.9100000000	0.0009326000	-148.6000000000	6.5281760000
-1.5000000000	0.0412180000	-5.9100000000	0.0009312000	-148.6100000000	6.5278580000
-1.5000000000	0.0412219000	-5.9100000000	0.0009324000	-148.6300000000	6.5277660000
-1.5000000000	0.0412219000	-5.9100000000	0.0009336000	-148.6400000000	6.5286050000
-1.5000000000	0.0412199000	-5.9040000000	0.0009326000	-148.6000000000	6.5281310000
-1.5000000000	0.0412199000	-5.9100000000	0.0009338000	-148.6400000000	6.5278450000
-1.5000000000	0.0412219000	-5.9100000000	0.0009330000	-148.6100000000	6.5274830000
-1.5000000000	0.0412199000	-5.9100000000	0.0009326000	-148.5100000000	6.5271710000
-1.5000000000	0.0412219000	-5.9100000000	0.0009330000	-148.6000000000	6.5269720000
-2.5000000000	0.0411589000	-5.8980000000	0.0009288000	-148.5300000000	6.5454050000
-2.5000000000	0.0411589000	-5.8980000000	0.0009290000	-148.5600000000	6.5451870000
-2.5000000000	0.0411589000	-5.8980000000	0.0009296000	-148.6100000000	6.5452580000
-2.5000000000	0.0411608000	-5.8980000000	0.0009290000	-148.5700000000	6.5449020000
-2.5000000000	0.0411608000	-5.8980000000	0.0009294000	-148.6500000000	6.5445420000
-2.5000000000	0.0411589000	-5.8980000000	0.0009302000	-148.4900000000	6.5447230000
-2.5000000000	0.0411589000	-5.8980000000	0.0009294000	-148.6200000000	6.5449430000
-2.5000000000	0.0411608000	-5.8980000000	0.0009310000	-148.5100000000	6.5444090000
-2.5000000000	0.0411589000	-5.8980000000	0.0009298000	-148.4300000000	6.5435040000
-2.5000000000	0.0411589000	-5.8980000000	0.0009298000	-148.5400000000	6.5430000000
-3.5000000000	0.0410826000	-5.8860000000	0.0009248000	-148.4600000000	6.5694660000
-3.5000000000	0.0410826000	-5.8860000000	0.0009238000	-148.4600000000	6.5697530000
-3.5000000000	0.0410845000	-5.8860000000	0.0009244000	-148.5800000000	6.5697840000
-3.5000000000	0.0410864000	-5.8800000000	0.0009256000	-148.5300000000	6.5701230000
-3.5000000000	0.0410864000	-5.8800000000	0.0009268000	-148.4900000000	6.5696660000
-3.5000000000	0.0410864000	-5.8800000000	0.0009250000	-148.4300000000	6.5694270000
-3.5000000000	0.0410845000	-5.8860000000	0.0009250000	-148.5600000000	6.5690910000
-3.5000000000	0.0410845000	-5.8860000000	0.0009252000	-148.4900000000	6.5699180000
-3.5000000000	0.0410845000	-5.8860000000	0.0009242000	-148.5000000000	6.5711700000
-3.5000000000	0.0410864000	-5.8800000000	0.0009254000	-148.4700000000	6.5715220000
-4.5000000000	0.0409949000	-5.8680000000	0.0009208000	-148.5300000000	6.5920080000
-4.5000000000	0.0409949000	-5.8680000000	0.0009196000	-148.5600000000	6.5925500000
-4.5000000000	0.0409930000	-5.8680000000	0.0009196000	-148.4400000000	6.5933310000
-4.5000000000	0.0409911000	-5.8680000000	0.0009210000	-148.5200000000	6.5943890000
-4.5000000000	0.0409911000	-5.8680000000	0.0009212000	-148.5100000000	6.5955110000
-4.5000000000	0.0409930000	-5.8680000000	0.0009200000	-148.5100000000	6.5962270000
-4.5000000000	0.0409911000	-5.8680000000	0.0009200000	-148.4400000000	6.5966760000
-4.5000000000	0.0409930000	-5.8680000000	0.0009190000	-148.5600000000	6.5966900000
-4.5000000000	0.0409911000	-5.8680000000	0.0009194000	-148.5900000000	6.5966460000
-4.5000000000	0.0409911000	-5.8680000000	0.0009210000	-148.5300000000	6.5973450000
-5.5000000000	0.0408995000	-5.8500000000	0.0009148000	-148.5200000000	6.6039700000
-5.5000000000	0.0408976000	-5.8500000000	0.0009146000	-148.4800000000	6.6044920000
-5.5000000000	0.0408957000	-5.8500000000	0.0009150000	-148.4300000000	6.6058510000
-5.5000000000	0.0408976000	-5.8500000000	0.0009154000	-148.4600000000	6.6060810000
-5.5000000000	0.0408976000	-5.8500000000	0.0009152000	-148.4300000000	6.6062000000
-5.5000000000	0.0408957000	-5.8500000000	0.0009160000	-148.4600000000	6.6057660000
-5.5000000000	0.0408957000	-5.8500000000	0.0009154000	-148.4700000000	6.6059630000
-5.5000000000	0.0408957000	-5.8500000000	0.0009150000	-148.4900000000	6.6063390000
-5.5000000000	0.0408957000	-5.8500000000	0.0009146000	-148.3800000000	6.6069930000
-5.5000000000	0.0408938000	-5.8500000000	0.0009152000	-148.3500000000	6.6068380000
-6.5000000000	0.0407889000	-5.8380000000	0.0009088000	-148.4500000000	6.6121030000
-6.5000000000	0.0407889000	-5.8380000000	0.0009084000	-148.5000000000	6.6120470000
-6.5000000000	0.0407908000	-5.8380000000	0.0009084000	-148.3400000000	6.6118860000
-6.5000000000	0.0407889000	-5.8380000000	0.0009096000	-148.5400000000	6.6122340000
-6.5000000000	0.0407870000	-5.8380000000	0.0009104000	-148.4500000000	6.6114750000
-6.5000000000	0.0407889000	-5.8380000000	0.0009102000	-148.3900000000	6.6114180000
-6.5000000000	0.0407927000	-5.8380000000	0.0009100000	-148.5000000000	6.6115900000
-6.5000000000	0.0407927000	-5.8380000000	0.0009106000	-148.4600000000	6.6115960000
-6.5000000000	0.0407908000	-5.8380000000	0.0009106000	-148.4700000000	6.6117030000
-6.5000000000	0.0407889000	-5.8380000000	0.0009090000	-148.4300000000	6.6112760000
-7.5000000000	0.0406897000	-5.8200000000	0.0009042000	-148.3000000000	6.6042210000
-7.5000000000	0.0406859000	-5.8200000000	0.0009054000	-148.3500000000	6.6033150000
-7.5000000000	0.0406859000	-5.8200000000	0.0009044000	-148.3900000000	6.6029840000
-7.5000000000	0.0406897000	-5.8200000000	0.0009028000	-148.4000000000	6.6027430000
-7.5000000000	0.0406916000	-5.8200000000	0.0009042000	-148.2800000000	6.6031050000
-7.5000000000	0.0406897000	-5.8200000000	0.0009046000	-148.4300000000	6.6042720000
-7.5000000000	0.0406859000	-5.8200000000	0.0009046000	-148.3200000000	6.6045390000
-7.5000000000	0.0406897000	-5.8200000000	0.0009042000	-148.4500000000	6.6049970000
-7.5000000000	0.0406897000	-5.8200000000	0.0009048000	-148.3600000000	6.6055520000
-7.5000000000	0.0406878000	-5.8200000000	0.0009032000	-148.2900000000	6.6044720000
-8.5000000000	0.0405810000	-5.8020000000	0.0008988000	-148.3800000000	6.6006400000
-8.5000000000	0.0405791000	-5.8020000000	0.0008984000	-148.4100000000	6.6003310000
-8.5000000000	0.0405810000	-5.8020000000	0.0008976000	-148.3900000000	6.5995010000
-8.5000000000	0.0405810000	-5.8020000000	0.0008990000	-148.3400000000	6.5995930000
-8.5000000000	0.0405810000	-5.8020000000	0.0008980000	-148.2800000000	6.6004810000
-8.5000000000	0.0405848000	-5.8020000000	0.0008984000	-148.3900000000	6.6015190000
-8.5000000000	0.0405867000	-5.8020000000	0.0008988000	-148.4000000000	6.6026420000
-8.5000000000	0.0405848000	-5.8020000000	0.0008978000	-148.4400000000	6.6037840000
-8.5000000000	0.0405848000	-5.8020000000	0.0008984000	-148.3900000000	6.6032920000
-8.5000000000	0.0405848000	-5.8020000000	0.0008982000	-148.4100000000	6.6031480000
-9.5000000000	0.0404780000	-5.7840000000	0.0008958000	-148.2700000000	6.5919890000
-9.5000000000	0.0404799000	-5.7840000000	0.0008936000	-148.3900000000	6.5926520000
-9.5000000000	0.0404780000	-5.7840000000	0.0008916000	-148.3400000000	6.5935710000
-9.5000000000	0.0404780000	-5.7840000000	0.0008920000	-148.3000000000	6.5945430000
-9.5000000000	0.0404780000	-5.7840000000	0.0008928000	-148.3900000000	6.5949560000
-9.5000000000	0.0404761000	-5.7840000000	0.0008930000	-148.3800000000	6.5951060000
-9.5000000000	0.0404723000	-5.7840000000	0.0008920000	-148.5000000000	6.5944700000
-9.5000000000	0.0404742000	-5.7840000000	0.0008932000	-148.3500000000	6.5944940000
-9.5000000000	0.0404799000	-5.7840000000	0.0008912000	-148.3500000000	6.5931880000
-9.5000000000	0.0404818000	-5.7840000000	0.0008910000	-148.3800000000	6.5919170000
-10.5000000000	0.0403731000	-5.7660000000	0.0008870000	-148.2100000000	6.5784240000
-10.5000000000	0.0403712000	-5.7660000000	0.0008872000	-148.2900000000	6.5812520000
-10.5000000000	0.0403731000	-5.7660000000	0.0008860000	-148.3100000000	6.5835500000
-10.5000000000	0.0403750000	-5.7660000000	0.0008864000	-148.2800000000	6.5845360000
-10.5000000000	0.0403750000	-5.7660000000	0.0008876000	-148.3400000000	6.5853320000
-10.5000000000	0.0403750000	-5.7660000000	0.0008868000	-148.3100000000	6.5852550000
-10.5000000000	0.0403769000	-5.7660000000	0.0008876000	-148.3000000000	6.5844160000
-10.5000000000	0.0403769000	-5.7660000000	0.0008870000	-148.3200000000	6.5822400000
-10.5000000000	0.0403788000	-5.7660000000	0.0008854000	-148.2800000000	6.5812790000
-10.5000000000	0.0403769000	-5.7660000000	0.0008872000	-148.2500000000	6.5808720000
-11.5000000000	0.0402720000	-5.7480000000	0.0008816000	-148.2700000000	6.5648430000
-11.5000000000	0.0402720000	-5.7480000000	0.0008810000	-148.3400000000	6.5645710000
-11.5000000000	0.0402701000	-5.7480000000	0.0008836000	-148.2100000000	6.5642420000
-11.5000000000	0.0402663000	-5.7480000000	0.0008826000	-148.2100000000	6.5641440000
-11.5000000000	0.0402682000	-5.7480000000	0.0008818000	-148.1900000000	6.5642400000
-11.5000000000	0.0402682000	-5.7480000000	0.0008802000	-148.0700000000	6.5643410000
-11.5000000000	0.0402682000	-5.7480000000	0.0008814000	-148.3200000000	6.5649780000
-11.5000000000	0.0402682000	-5.7480000000	0.0008814000	-148.2200000000	6.5653480000
-11.5000000000	0.0402682000	-5.7480000000	0.0008806000	-148.2800000000	6.5646260000
-11.5000000000	0.0402663000	-5.7480000000	0.0008820000	-148.2200000000	6.5646770000
-12.5000000000	0.0401785000	-5.7360000000	0.0008772000	-148.3500000000	6.5145760000
-12.5000000000	0.0401804000	-5.7360000000	0.0008770000	-148.3100000000	6.5134250000
-12.5000000000	0.0401804000	-5.7360000000	0.0008774000	-148.3100000000	6.5128330000
-12.5000000000	0.0401804000	-5.7360000000	0.0008778000	-148.2600000000	6.5115830000
-12.5000000000	0.0401804000	-5.7360000000	0.0008776000	-148.2400000000	6.5104760000
-12.5000000000	0.0401785000	-5.7360000000	0.0008762000	-148.2100000000	6.5093450000
-12.5000000000	0.0401785000	-5.7360000000	0.0008758000	-148.2100000000	6.5083470000
-12.5000000000	0.0401824000	-5.7360000000	0.0008774000	-148.2300000000	6.5069070000
-12.5000000000	0.0401843000	-5.7360000000	0.0008776000	-148.2500000000	6.5060510000
-12.5000000000	0.0401843000	-5.7360000000	0.0008756000	-148.1900000000	6.5052610000
-13.5000000000	0.0401576000	-5.7360000000	0.0008754000	-148.2300000000	6.3849120000
-13.5000000000	0.0401595000	-5.7360000000	0.0008756000	-148.2200000000	6.3838520000
-13.5000000000	0.0401614000	-5.7360000000	0.0008750000	-148.2100000000	6.3821530000
-13.5000000000	0.0401614000	-5.7360000000	0.0008770000	-148.2800000000	6.3801910000
-13.5000000000	0.0401614000	-5.7360000000	0.0008762000	-148.1900000000	6.3786980000
-13.5000000000	0.0401633000	-5.7360000000	0.0008760000	-148.2600000000	6.3775840000
-13.5000000000	0.0401614000	-5.7360000000	0.0008758000	-148.2300000000	6.3762440000
-13.5000000000	0.0401614000	-5.7360000000	0.0008750000	-148.2600000000	6.3759690000
-13.5000000000	0.0401633000	-5.7360000000	0.0008774000	-148.2900000000	6.3756630000
-13.5000000000	0.0401652000	-5.7360000000	0.0008754000	-148.3100000000	6.3745750000
-14.5000000000	0.0401194000	-5.7300000000	0.0008728000	-148.1500000000	6.3082040000
-14.5000000000	0.0401194000	-5.7300000000	0.0008720000	-148.1700000000	6.3085830000
-14.5000000000	0.0401194000	-5.7300000000	0.0008744000	-148.1300000000	6.3082400000
-14.5000000000	0.0401251000	-5.7300000000	0.0008732000	-148.2200000000	6.3083570000
-14.5000000000	0.0401251000	-5.7300000000	0.0008740000	-148.0800000000	6.3094720000
-14.5000000000	0.0401251000	-5.7300000000	0.0008754000	-148.1800000000	6.3099100000
-14.5000000000	0.0401251000	-5.7300000000	0.0008738000	-148.2400000000	6.3098810000
-14.5000000000	0.0401251000	-5.7300000000	0.0008736000	-148.1800000000	6.3093240000
-14.5000000000	0.0401251000	-5.7300000000	0.0008736000	-148.2100000000	6.3093670000
-14.5000000000	0.0401232000	-5.7300000000	0.0008732000	-148.2200000000	6.3096680000
-15.5000000000	0.0400374000	-5.7120000000	0.0008672000	-148.2000000000	6.3160440000
-15.5000000000	0.0400374000	-5.7120000000	0.0008686000	-148.1700000000	6.3171590000
-15.5000000000	0.0400374000	-5.7120000000	0.0008684000	-148.1900000000	6.3155770000
-15.5000000000	0.0400393000	-5.7120000000	0.0008710000	-148.1600000000	6.3136860000
-15.5000000000	0.0400374000	-5.7120000000	0.0008708000	-148.0800000000	6.3132460000
-15.5000000000	0.0400393000	-5.7120000000	0.0008692000	-148.1000000000	6.3123250000
-15.5000000000	0.0400374000	-5.7120000000	0.0008676000	-148.1000000000	6.3117670000
-15.5000000000	0.0400374000	-5.7120000000	0.0008684000	-148.1900000000	6.3118960000
-15.5000000000	0.0400374000	-5.7120000000	0.0008694000	-148.1400000000	6.3117910000
-15.5000000000	0.0400374000	-5.7120000000	0.0008678000	-148.1500000000	6.3123270000
-16.5000000000	0.0399172000	-5.6940000000	0.0008638000	-148.1900000000	6.3287070000
-16.5000000000	0.0399153000	-5.6940000000	0.0008628000	-148.1100000000	6.3286880000
-16.5000000000	0.0399115000	-5.6940000000	0.0008624000	-148.1100000000	6.3298510000
-16.5000000000	0.0399115000	-5.6940000000	0.0008624000	-148.1100000000	6.3310600000
-16.5000000000	0.0399096000	-5.6940000000	0.0008612000	-148.0100000000	6.3323150000
-16.5000000000	0.0399134000	-5.6940000000	0.0008624000	-148.1300000000	6.3326590000
-16.5000000000	0.0399115000	-5.6940000000	0.0008632000	-148.1400000000	6.3327120000
-16.5000000000	0.0399096000	-5.6940000000	0.0008620000	-148.2300000000	6.3337070000
-16.5000000000	0.0399077000	-5.6940000000	0.0008642000	-148.1600000000	6.3358200000
-16.5000000000	0.0399096000	-5.6940000000	0.0008632000	-147.9900000000	6.3373180000
-17.5000000000	0.0397856000	-5.6760000000	0.0008574000	-148.1000000000	6.3384960000
-17.5000000000	0.0397856000	-5.6760000000	0.0008552000	-148.1400000000	6.3385170000
-17.5000000000	0.0397856000	-5.6760000000	0.0008580000	-148.0000000000	6.3372600000
-17.5000000000	0.0397837000	-5.6760000000	0.0008562000	-148.0700000000	6.3368230000
-17.5000000000	0.0397856000	-5.6760000000	0.0008572000	-148.0600000000	6.3368160000
-17.5000000000	0.0397856000	-5.6760000000	0.0008562000	-148.0300000000	6.3368690000
-17.5000000000	0.0397875000	-5.6760000000	0.0008564000	-148.0800000000	6.3367710000
-17.5000000000	0.0397894000	-5.6760000000	0.0008570000	-148.1100000000	6.3373310000
-17.5000000000	0.0397875000	-5.6760000000	0.0008582000	-148.1000000000	6.3381560000
-17.5000000000	0.0397856000	-5.6760000000	0.0008580000	-148.0900000000	6.3389560000
-18.5000000000	0.0396731000	-5.6520000000	0.0008506000	-148.0200000000	6.3336490000
-18.5000000000	0.0396731000	-5.6520000000	0.0008508000	-148.0300000000	6.3332150000
-18.5000000000	0.0396712000	-5.6580000000	0.0008492000	-148.0100000000	6.3330040000
-18.5000000000	0.0396712000	-5.6580000000	0.0008506000	-148.0200000000	6.3335650000
-18.5000000000	0.0396712000	-5.6580000000	0.0008504000	-147.9900000000	6.3339230000
-18.5000000000	0.0396693000	-5.6580000000	0.0008504000	-148.1200000000	6.3342070000
-18.5000000000	0.0396693000	-5.6580000000	0.0008496000	-148.0900000000	6.3348530000
-18.5000000000	0.0396693000	-5.6580000000	0.0008512000	-148.0400000000	6.3349750000
-18.5000000000	0.0396712000	-5.6580000000	0.0008498000	-147.9900000000	6.3354160000
-18.5000000000	0.0396693000	-5.6580000000	0.0008528000	-147.9600000000	6.3360550000
-19.5000000000	0.0395625000	-5.6340000000	0.0008442000	-148.0300000000	6.3356590000
-19.5000000000	0.0395606000	-5.6400000000	0.0008444000	-147.9800000000	6.3356140000
-19.5000000000	0.0395606000	-5.6400000000	0.0008432000	-148.0100000000	6.3357360000
-19.5000000000	0.0395606000	-5.6400000000	0.0008444000	-147.8300000000	6.3360930000
-19.5000000000	0.0395606000	-5.6400000000	0.0008448000	-148.0000000000	6.3369360000
-19.5000000000	0.0395625000	-5.6340000000	0.0008444000	-147.9700000000	6.3364930000
-19.5000000000	0.0395625000	-5.6340000000	0.0008444000	-147.9200000000	6.3360670000
-19.5000000000	0.0395625000	-5.6340000000	0.0008448000	-148.0100000000	6.3356950000
-19.5000000000	0.0395625000	-5.6340000000	0.0008446000	-148.0700000000	6.3360390000
-19.5000000000	0.0395625000	-5.6340000000	0.0008454000	-148.0200000000	6.3360170000
-20.5000000000	0.0394595000	-5.6220000000	0.0008384000	-147.9900000000	6.3296650000
-20.5000000000	0.0394595000	-5.6220000000	0.0008394000	-147.9400000000	6.3299890000
-20.5000000000	0.0394614000	-5.6220000000	0.0008384000	-148.0100000000	6.3307330000
-20.5000000000	0.0394614000	-5.6220000000	0.0008392000	-147.8500000000	6.3310960000
-20.5000000000	0.0394595000	-5.6220000000	0.0008390000	-147.9700000000	6.3316620000
-20.5000000000	0.0394576000	-5.6220000000	0.0008398000	-147.8900000000	6.3317470000
-20.5000000000	0.0394576000	-5.6220000000	0.0008396000	-147.9700000000	6.3327100000
-20.5000000000	0.0394595000	-5.6220000000	0.0008410000	-148.0000000000	6.3345110000
-20.5000000000	0.0394595000	-5.6220000000	0.0008394000	-147.8600000000	6.3353750000
-20.5000000000	0.0394595000	-5.6220000000	0.0008386000	-147.9400000000	6.3362990000
-21.5000000000	0.0393603000	-5.6040000000	0.0008350000	-147.9300000000	6.3252740000
-21.5000000000	0.0393603000	-5.6040000000	0.0008350000	-147.9700000000	6.3250130000
-21.5000000000	0.0393603000	-5.6040000000	0.0008344000	-147.8400000000	6.3256250000
-21.5000000000	0.0393603000	-5.6040000000	0.0008352000	-147.8800000000	6.3264000000
-21.5000000000	0.0393584000	-5.6040000000	0.0008334000	-147.9000000000	6.3278930000
-21.5000000000	0.0393584000	-5.6040000000	0.0008364000	-147.9500000000	6.3291130000
-21.5000000000	0.0393546000	-5.6040000000	0.0008330000	-148.0200000000	6.3298750000
-21.5000000000	0.0393584000	-5.6040000000	0.0008336000	-147.9800000000	6.3288100000
-21.5000000000	0.0393603000	-5.6040000000	0.0008342000	-147.8500000000	6.3289080000
-21.5000000000	0.0393603000	-5.6040000000	0.0008352000	-147.7900000000	6.3289050000
-22.5000000000	0.0392649000	-5.5920000000	0.0008294000	-147.8700000000	6.3168040000
-22.5000000000	0.0392649000	-5.5920000000	0.0008298000	-147.8600000000	6.3169890000
-22.5000000000	0.0392668000	-5.5920000000	0.0008308000	-147.9300000000	6.3176530000
-22.5000000000	0.0392668000	-5.5920000000	0.0008284000	-147.8500000000	6.3181860000
-22.5000000000	0.0392668000	-5.5920000000	0.0008302000	-147.9100000000	6.3187760000
-22.5000000000	0.0392668000	-5.5920000000	0.0008292000	-147.8600000000	6.3184840000
-22.5000000000	0.0392668000	-5.5920000000	0.0008276000	-147.9300000000	6.3167340000
-22.5000000000	0.0392668000	-5.5920000000	0.0008296000	-147.9300000000	6.3159690000
-22.5000000000	0.0392668000	-5.5920000000	0.0008286000	-147.8800000000	6.3152200000
-22.5000000000	0.0392668000	-5.5920000000	0.0008284000	-147.8300000000	6.3153320000
-23.5000000000	0.0391734000	-5.5740000000	0.0008246000	-147.8000000000	6.2969630000
-23.5000000000	0.0391734000	-5.5740000000	0.0008246000	-147.9100000000	6.2969120000
-23.5000000000	0.0391753000	-5.5740000000	0.0008244000	-147.7100000000	6.2975490000
-23.5000000000	0.0391753000	-5.5740000000	0.0008250000	-147.8900000000	6.2973680000
-23.5000000000	0.0391753000	-5.5740000000	0.0008250000	-147.9300000000	6.2974410000
-23.5000000000	0.0391734000	-5.5740000000	0.0008248000	-147.9300000000	6.2981590000
-23.5000000000	0.0391734000	-5.5740000000	0.0008236000	-147.8000000000	6.2983710000
-23.5000000000	0.0391734000	-5.5740000000	0.0008248000	-147.8700000000	6.2982510000
-23.5000000000	0.0391734000	-5.5740000000	0.0008248000	-147.7900000000	6.2983540000
-23.5000000000	0.0391715000	-5.5740000000	0.0008250000	-147.8900000000	6.2987730000
-24.5000000000	0.0390837000	-5.5620000000	0.0008192000	-147.8600000000	6.2888700000
-24.5000000000	0.0390837000	-5.5620000000	0.0008192000	-147.8000000000	6.2894850000
-24.5000000000	0.0390818000	-5.5620000000	0.0008188000	-147.7800000000	6.2902760000
-24.5000000000	0.0390837000	-5.5620000000	0.0008196000	-147.7900000000	6.2908420000
-24.5000000000	0.0390818000	-5.5620000000	0.0008206000	-147.9600000000	6.2911210000
-24.5000000000	0.0390818000	-5.5620000000	0.0008206000	-147.7400000000	6.2917460000
-24.5000000000	0.0390818000	-5.5620000000	0.0008196000	-147.8300000000	6.2914490000
-24.5000000000	0.0390818000	-5.5620000000	0.0008198000	-147.8500000000	6.2906580000
-24.5000000000	0.0390837000	-5.5620000000	0.0008198000	-147.7200000000	6.2912990000
-24.5000000000	0.0390856000	-5.5620000000	0.0008204000	-147.8400000000	6.2919550000
-25.5000000000	0.0390112000	-5.5500000000	0.0008168000	-147.6600000000	6.2663170000
-25.5000000000	0.0390074000	-5.5500000000	0.0008150000	-147.7700000000	6.2655950000
-25.5000000000	0.0390074000	-5.5500000000	0.0008146000	-147.7300000000	6.2649970000
-25.5000000000	0.0390055000	-5.5500000000	0.0008160000	-147.8400000000	6.2651290000
-25.5000000000	0.0390074000	-5.5500000000	0.0008168000	-147.8200000000	6.2653090000
-25.5000000000	0.0390074000	-5.5500000000	0.0008160000	-147.7100000000	6.2655450000
-25.5000000000	0.0390093000	-5.5500000000	0.0008168000	-147.7500000000	6.2658740000
-25.5000000000	0.0390093000	-5.5500000000	0.0008164000	-147.6900000000	6.2662370000
-25.5000000000	0.0390093000	-5.5500000000	0.0008164000	-147.7800000000	6.2663300000
-25.5000000000	0.0390093000	-5.5500000000	0.0008166000	-147.8200000000	6.2669180000
