0.0000000000	7.2370520000	7.2391210000	7.2348420000	7.2376360000	7.2380760000	7.2365790000	7.2341740000	7.2383100000	7.2437690000	7.2432670000	7.2461530000	7.2498360000	7.2421000000	7.2354550000	7.2333240000	7.2391630000	7.2391260000	7.2366160000	7.2379480000	7.2326550000	7.2334190000	7.2343010000	7.2383610000	7.2379360000	7.2337330000	7.2297260000	7.2303770000	7.2317270000	7.2270940000	7.2281690000	7.2293260000	7.2298430000	7.2290660000	7.2253980000	7.2227070000	7.2107880000
1.0000000000	7.0695980000	7.0707110000	7.0726910000	7.0776010000	7.0725720000	7.0753280000	7.0640230000	7.0613330000	7.0722660000	7.0777380000	7.0767380000	7.0781180000	7.0831670000	7.0824470000	7.0779650000	7.0794360000	7.0831670000	7.0857780000	7.0886320000	7.0927710000	7.0950710000	7.0908160000	7.0932910000	7.0912180000	7.0868930000	7.0867090000	7.0857360000	7.0920140000	7.0976670000	7.0947470000	7.0909000000	7.0894510000	7.0889670000	7.0850060000	7.0962980000	7.0966470000
2.0000000000	7.0402050000	7.0455330000	7.0430440000	7.0411920000	7.0445000000	7.0386380000	7.0415820000	7.0458790000	7.0539430000	7.0563250000	7.0573670000	7.0514040000	7.0453880000	7.0456530000	7.0500240000	7.0503130000	7.0535230000	7.0393920000	7.0315990000	7.0335120000	7.0388000000	7.0401550000	7.0459440000	7.0486790000	7.0503930000	7.0500480000	7.0548010000	7.0513670000	7.0494710000	7.0454300000	7.0394170000	7.0453580000	7.0514910000	7.0587670000	7.0609420000	7.0508610000
3.0000000000	7.0367200000	7.0405540000	7.0439690000	7.0461460000	7.0492490000	7.0497940000	7.0443130000	7.0507580000	7.0409580000	7.0457300000	7.0332690000	7.0329350000	7.0371480000	7.0406850000	7.0321830000	7.0391830000	7.0468840000	7.0372890000	7.0504170000	7.0562800000	7.0375180000	7.0467570000	7.0507950000	7.0439540000	7.0489780000	7.0542120000	7.0559770000	7.0549950000	7.0586960000	7.0613150000	7.0598770000	7.0555880000	7.0654360000	7.0652030000	7.0554690000	7.0570960000
4.0000000000	7.0515300000	7.0508840000	7.0502900000	7.0531930000	7.0566800000	7.0560530000	7.0574150000	7.0496420000	7.0442580000	7.0525970000	7.0531510000	7.0563750000	7.0595220000	7.0564880000	7.0499280000	7.0511330000	7.0494090000	7.0589720000	7.0652590000	7.0569060000	7.0526910000	7.0450100000	7.0533970000	7.0547060000	7.0468270000	7.0465870000	7.0513220000	7.0529520000	7.0514170000	7.0526110000	7.0494860000	7.0513580000	7.0540240000	7.0600810000	7.0600330000	7.0604720000
5.0000000000	7.0654120000	7.0618140000	7.0630010000	7.0655000000	7.0603150000	7.0600520000	7.0494100000	7.0428770000	7.0426650000	7.0457160000	7.0444650000	7.0428360000	7.0491400000	7.0574150000	7.0602530000	7.0591460000	7.0557150000	7.0562270000	7.0577400000	7.0579910000	7.0553980000	7.0565270000	7.0447020000	7.0445140000	7.0470300000	7.0466060000	7.0505700000	7.0570060000	7.0533150000	7.0433850000	7.0433860000	7.0480200000	7.0492470000	7.0453510000	7.0438380000	7.0469050000
6.0000000000	7.0455990000	7.0440160000	7.0489810000	7.0487500000	7.0473030000	7.0463510000	7.0429870000	7.0449080000	7.0508390000	7.0429250000	7.0407360000	7.0414210000	7.0397390000	7.0343980000	7.0358490000	7.0349180000	7.0402950000	7.0406130000	7.0364890000	7.0387850000
7.0000000000	7.0117760000	7.0109080000	7.0112340000	7.0168350000	7.0242590000	7.0275230000	7.0227570000	7.0259720000	7.0305240000	7.0271650000	7.0277270000	7.0265910000	7.0241890000	7.0320730000	7.0269250000	7.0228250000	7.0256720000	7.0380210000	7.0415090000	7.0362520000
8.0000000000	7.0139470000	7.0058370000	7.0051180000	7.0040060000	7.0008700000	7.0096450000	7.0128420000	7.0147340000	7.0140780000	7.0177900000	7.0220720000	7.0208060000	7.0220100000	7.0196180000	7.0216160000	7.0195130000	7.0147320000	7.0120500000	7.0132330000	7.0145000000
9.0000000000	6.9983520000	6.9986200000	6.9997980000	6.9944930000	6.9907320000	6.9978430000	7.0011250000	6.9960430000	7.0003990000	7.0002790000	6.9944760000	6.9946290000	6.9968300000	6.9982910000	7.0002020000	6.9934730000	6.9966520000	6.9965270000	6.9999300000	6.9954570000
10.0000000000	6.9881770000	6.9898610000	6.9904120000	6.9887170000	6.9859190000	6.9857250000	6.9868580000	6.9950400000	6.9903300000	6.9853590000	6.9840800000	6.9840140000	6.9811630000	6.9866820000	6.9910280000	6.9931640000	6.9905390000	6.9876920000	6.9895660000	6.9861190000
11.0000000000	6.9757340000	6.9769980000	6.9736740000	6.9762200000	6.9850370000	6.9775530000	6.9747550000	6.9774110000	6.9822140000	6.9836660000	6.9847610000	6.9802120000	6.9799960000	6.9751710000	6.9852860000	6.9820200000	6.9871630000	6.9883450000	6.9884590000	6.9807550000
12.0000000000	6.9610200000	6.9622110000	6.9676120000	6.9669550000	6.9680430000	6.9641580000	6.9641160000	6.9677430000	6.9668840000	6.9691880000	6.9656900000	6.9592230000	6.9522020000	6.9565680000	6.9561140000	6.9593530000	6.9601810000	6.9576090000	6.9610610000	6.9642090000
13.0000000000	6.9547410000	6.9526240000	6.9555120000	6.9491100000	6.9500290000	6.9525270000	6.9539370000	6.9561130000	6.9546080000	6.9586840000	6.9561740000	6.9474030000
14.0000000000	6.9261170000	6.9243160000	6.9196160000	6.9163860000	6.9225820000	6.9246030000	6.9254320000	6.9173000000	6.9250530000	6.9296930000	6.9316550000	6.9315680000
15.0000000000	6.9168670000	6.9143510000	6.9179530000	6.9091040000	6.9068860000	6.9060540000	6.8995020000	6.8984340000	6.9028570000	6.9098850000	6.9171220000	6.9156580000
16.0000000000	6.8995070000	6.9003260000	6.8956500000	6.8935640000	6.8904960000	6.8888530000	6.8872000000	6.8877370000	6.8920610000	6.8997860000	6.9034910000	6.9025260000
17.0000000000	6.8900940000	6.8881490000	6.8859870000	6.8753350000	6.8787460000	6.8821110000	6.8802020000	6.8800300000	6.8815200000	6.8841910000	6.8868440000	6.8810270000
18.0000000000	6.8589820000	6.8597890000	6.8618990000	6.8607400000	6.8644270000	6.8649760000	6.8650400000	6.8627240000	6.8602920000	6.8591010000	6.8634990000	6.8611800000
19.0000000000	6.8416120000	6.8409280000	6.8358960000	6.8385460000	6.8433280000	6.8438670000	6.8444760000	6.8436760000	6.8414830000	6.8367090000	6.8387190000	6.8450440000
20.0000000000	6.8225240000	6.8111580000	6.8137040000	6.8165040000	6.8175170000	6.8152040000	6.8172710000	6.8184510000	6.8134310000	6.8136440000	6.8203020000	6.8231000000
21.0000000000	6.8054080000	6.8078290000	6.8072600000	6.8082030000	6.8118270000	6.8252580000	6.8273580000	6.8211820000	6.8109850000	6.8114460000	6.8134910000	6.8119990000
22.0000000000	6.8035140000	6.8010140000	6.7979900000	6.7919610000	6.7906960000	6.7857110000	6.7866020000	6.7955770000	6.7992230000	6.7998200000	6.7960510000	6.7968700000
23.0000000000	6.7593610000	6.7599220000	6.7601010000	6.7590970000	6.7667850000	6.7695330000	6.7713600000	6.7767720000	6.7766990000	6.7736990000	6.7711760000	6.7727030000
24.0000000000	6.7570550000	6.7541720000	6.7494850000	6.7418910000	6.7404410000	6.7406770000	6.7408830000	6.7401980000	6.7434990000	6.7408860000	6.7421780000	6.7421760000
25.0000000000	6.7325460000	6.7355030000	6.7403060000	6.7394360000	6.7396280000	6.7364720000	6.7343610000	6.7358390000	6.7383540000	6.7334870000	6.7385230000	6.7491130000
26.0000000000	6.7157520000	6.7183570000	6.7230430000	6.7263560000	6.7220330000	6.7189730000	6.7192460000	6.7178970000	6.7177930000	6.7152660000	6.7163260000	6.7115220000
27.0000000000	6.7017740000	6.7004620000	6.7025030000	6.7042370000	6.7003350000	6.6995150000	6.7046310000	6.6955030000	6.6918270000	6.6862700000	6.6812080000	6.6842490000
28.0000000000	6.6763830000	6.6717990000	6.6670370000	6.6694900000	6.6738640000	6.6844310000	6.6849020000	6.6891460000	6.6890780000	6.6826290000	6.6726100000	6.6738230000
29.0000000000	6.6625050000	6.6559550000	6.6589690000	6.6616950000	6.6587990000	6.6596370000	6.6576400000	6.6576490000	6.6586480000	6.6546490000	6.6612800000	6.6526980000
30.0000000000	6.6404530000	6.6367120000	6.6364390000	6.6357160000	6.6330410000	6.6376010000	6.6378720000	6.6387950000	6.6385970000	6.6424650000	6.6425600000	6.6328820000
31.0000000000	6.6137910000	6.6124540000	6.6073550000	6.6063400000	6.6121240000	6.6104140000	6.6042330000	6.6036770000	6.6043930000	6.6121600000	6.6122250000	6.6098070000
32.0000000000	6.6040480000	6.6045690000	6.6049010000	6.6037550000	6.6070560000	6.6110030000	6.6091150000	6.6092320000	6.6182230000	6.6186480000	6.6082230000	6.6040700000
33.0000000000	6.5799450000	6.5803920000	6.5825620000	6.5862860000	6.5850780000	6.5853470000	6.5835190000	6.5816630000	6.5811930000	6.5830750000	6.5871100000	6.5838850000
34.0000000000	6.5556600000	6.5626870000	6.5668100000	6.5559650000	6.5541710000	6.5525820000	6.5547490000	6.5593710000	6.5533850000	6.5548220000	6.5605930000	6.5662850000
35.0000000000	6.5473370000	6.5501130000	6.5522880000	6.5542610000	6.5554710000	6.5533080000	6.5549570000	6.5521580000	6.5534030000	6.5515830000	6.5553460000	6.5566600000
36.0000000000	6.5301350000	6.5280180000	6.5301830000	6.5275130000	6.5236540000	6.5250500000	6.5230720000	6.5263930000	6.5260480000	6.5313010000	6.5294670000	6.5357840000
37.0000000000	6.5133720000	6.5148250000	6.5108280000	6.5117990000	6.5131510000	6.5072770000	6.5037260000	6.5059420000	6.5042060000	6.5033410000	6.5011980000	6.5031540000
38.0000000000	6.4935560000	6.4937790000	6.4925240000	6.4918280000	6.5005840000	6.4908340000	6.4881940000	6.4876700000	6.4870170000	6.4836710000	6.4861460000	6.4875300000
39.0000000000	6.4762400000	6.4762530000	6.4759490000	6.4788630000	6.4776550000	6.4749240000	6.4771350000	6.4800520000	6.4778670000	6.4760140000	6.4745230000	6.4797960000
40.0000000000	6.4629870000	6.4629040000	6.4636910000	6.4652060000	6.4681120000	6.4646990000	6.4646250000	6.4618880000	6.4670610000	6.4651510000	6.4631600000	6.4681280000
39.5000000000	6.4759960000	6.4780000000	6.4821900000	6.4810520000	6.4828300000	6.4806680000	6.4786540000	6.4782070000	6.4751190000	6.4741140000	6.4729680000	6.4770770000
38.5000000000	6.4778030000	6.4862030000	6.4888840000	6.4878480000	6.4833200000	6.4821180000	6.4873190000	6.4896010000	6.4957660000	6.4924810000	6.4938820000	6.4946530000
37.5000000000	6.5139690000	6.5197480000	6.5195490000	6.5128530000	6.5146040000	6.5201720000	6.5160640000	6.5142580000	6.5135650000	6.5165340000	6.5218160000	6.5236800000
36.5000000000	6.5373560000	6.5381770000	6.5385610000	6.5367450000	6.5449610000	6.5477980000	6.5419700000	6.5527190000	6.5500960000	6.5493670000	6.5501560000	6.5619910000
35.5000000000	6.5564500000	6.5580020000	6.5555470000	6.5591640000	6.5621360000	6.5604030000	6.5573410000	6.5564090000	6.5575750000	6.5585170000	6.5611710000	6.5727020000
34.5000000000	6.5785400000	6.5805260000	6.5786270000	6.5773850000	6.5792760000	6.5819540000	6.5807200000	6.5808760000	6.5840320000	6.5807260000	6.5801420000	6.5790210000
33.5000000000	6.5961370000	6.5979960000	6.5982280000	6.5971170000	6.6017170000	6.6037670000	6.6044590000	6.6083890000	6.6057800000	6.6028850000	6.6090840000	6.6148200000
32.5000000000	6.6415250000	6.6424980000	6.6386150000	6.6372180000	6.6357050000	6.6323510000	6.6315980000	6.6376830000	6.6349280000	6.6330110000	6.6336830000	6.6361150000
31.5000000000	6.6576670000	6.6595950000	6.6583050000	6.6529480000	6.6549370000	6.6580360000	6.6589730000	6.6701050000	6.6569950000	6.6537200000	6.6536360000	6.6558310000
30.5000000000	6.6903770000	6.6890790000	6.6903000000	6.6885500000	6.6867220000	6.6853290000	6.6891310000	6.6888790000	6.6889430000	6.6901180000	6.6851920000	6.6820510000
29.5000000000	6.7061130000	6.7048920000	6.7066070000	6.7027210000	6.7047290000	6.7064220000	6.7066070000	6.7075790000	6.7083280000	6.7089680000	6.7078300000	6.7088490000
28.5000000000	6.7402760000	6.7328880000	6.7303150000	6.7342020000	6.7359260000	6.7398040000	6.7356540000	6.7328110000	6.7310150000	6.7318970000	6.7354240000	6.7344830000
27.5000000000	6.7646790000	6.7631440000	6.7537750000	6.7483500000	6.7458940000	6.7578330000	6.7597450000	6.7617160000	6.7566210000	6.7545810000	6.7536230000	6.7549340000
26.5000000000	6.7902570000	6.7891980000	6.7859790000	6.7858270000	6.7891390000	6.7884250000	6.7904080000	6.7907300000	6.7931570000	6.7942770000	6.7915950000	6.7895500000
25.5000000000	6.8016870000	6.8007180000	6.8080900000	6.8101820000	6.8147070000	6.8106720000	6.8123970000	6.8144070000	6.8150330000	6.8172580000	6.8149000000	6.8116050000
24.5000000000	6.8367320000	6.8345590000	6.8354040000	6.8351280000	6.8308970000	6.8327530000	6.8326810000	6.8341650000	6.8317480000	6.8294160000	6.8309970000	6.8324050000
23.5000000000	6.8642120000	6.8630340000	6.8635530000	6.8599990000	6.8604670000	6.8617870000	6.8650680000	6.8627510000	6.8625810000	6.8622700000	6.8616690000	6.8644900000
22.5000000000	6.8779570000	6.8790430000	6.8844100000	6.8860510000	6.8843560000	6.8842340000	6.8857810000	6.8863100000	6.8868190000	6.8875330000	6.8899120000	6.8892560000
21.5000000000	6.9117520000	6.9137430000	6.9072640000	6.9004890000	6.9013340000	6.9003270000	6.9004620000	6.9067300000	6.9097280000	6.9082320000	6.9082660000	6.9084420000
20.5000000000	6.9331060000	6.9336580000	6.9310600000	6.9322250000	6.9327700000	6.9333460000	6.9306460000	6.9246430000	6.9214260000	6.9227010000
19.5000000000	6.9464270000	6.9454310000	6.9484670000	6.9480230000	6.9498300000	6.9526650000	6.9529630000	6.9509780000	6.9510290000	6.9536690000
18.5000000000	6.9766500000	6.9782040000	6.9766140000	6.9771850000	6.9748940000	6.9743260000	6.9697070000	6.9748870000	6.9798700000	6.9833600000
17.5000000000	6.9950980000	6.9962370000	6.9984960000	6.9996910000	7.0037930000	7.0048960000	7.0020530000	7.0031500000	7.0045810000	7.0065660000
16.5000000000	7.0253640000	7.0307600000	7.0341210000	7.0328360000	7.0296350000	7.0249620000	7.0253840000	7.0270630000	7.0273230000	7.0284170000	7.0300760000	7.0324530000
15.5000000000	7.0376020000	7.0446000000	7.0497900000	7.0519040000	7.0438800000	7.0588270000	7.0623990000	7.0658560000	7.0623390000	7.0619350000	7.0622610000	7.0590050000
14.5000000000	7.0740310000	7.0752900000	7.0739560000	7.0747900000	7.0797310000	7.0861540000	7.0867060000	7.0799940000	7.0799430000	7.0849480000	7.0869800000	7.0898120000
13.5000000000	7.1068870000	7.1045110000	7.1047680000	7.1056300000	7.1050050000	7.1016040000	7.1016700000	7.1032670000	7.1059420000	7.1052440000	7.1048420000	7.1031920000
12.5000000000	7.1222300000	7.1233050000	7.1267450000	7.1251390000	7.1255330000	7.1245650000	7.1247800000	7.1263950000	7.1272230000	7.1248020000	7.1228200000	7.1245230000
11.5000000000	7.1487480000	7.1489320000	7.1508480000	7.1493570000	7.1483530000	7.1535870000	7.1519550000	7.1514510000	7.1487570000	7.1484530000	7.1492460000	7.1530780000
10.5000000000	7.1592060000	7.1605830000	7.1576480000	7.1591740000	7.1618480000	7.1642570000	7.1668170000	7.1692360000	7.1707740000	7.1532550000	7.1525290000	7.1487500000
9.5000000000	7.1626300000	7.1608840000	7.1607410000	7.1634240000	7.1671500000	7.1667650000	7.1622950000	7.1585690000	7.1582680000	7.1607510000	7.1667450000	7.1636610000
8.5000000000	7.1731560000	7.1729710000	7.1709390000	7.1716020000	7.1786790000	7.1775430000	7.1729800000	7.1697880000	7.1678490000	7.1681160000	7.1687150000	7.1757890000
7.5000000000	7.1958260000	7.1919100000	7.1920220000	7.1930380000	7.1917760000	7.1896100000	7.1903290000	7.1894890000	7.1919010000	7.1966390000	7.1991930000	7.1982960000
6.5000000000	7.1977300000	7.2048750000	7.2047120000	7.2029010000	7.2027220000	7.2093690000	7.2098880000	7.2071220000	7.2070180000	7.2067540000	7.2033100000	7.2044360000
5.5000000000	7.2213880000	7.2224310000	7.2217040000	7.2168550000	7.2167000000	7.2138450000	7.2166810000	7.2187480000	7.2196040000	7.2228160000	7.2253950000	7.2209930000
4.5000000000	7.2200020000	7.2247910000	7.2250880000	7.2272440000	7.2257460000	7.2262200000	7.2248810000	7.2230430000	7.2250170000	7.2241390000	7.2264500000	7.2299520000
3.5000000000	7.2399390000	7.2380280000	7.2373280000	7.2362440000	7.2364300000	7.2368330000	7.2358610000	7.2378720000	7.2356240000	7.2344960000	7.2377060000	7.2338520000
2.5000000000	7.2442090000	7.2401830000	7.2357230000	7.2316310000	7.2322960000	7.2312800000	7.2316340000	7.2342210000	7.2339720000	7.2309960000	7.2320840000	7.2328530000
1.5000000000	7.2500820000	7.2570020000	7.2590890000	7.2575540000	7.2562130000	7.2514030000	7.2523570000	7.2544510000	7.2553170000	7.2562140000	7.2549580000	7.2593260000
0.5000000000	7.3812990000	7.3817640000	7.3855720000	7.3862650000	7.3862460000	7.3872960000	7.3859480000	7.3867330000	7.3871920000	7.3858790000	7.3859470000	7.3845870000
-0.5000000000	7.3961260000	7.3961530000	7.3970900000	7.3981290000	7.3978530000	7.3928180000	7.3917150000	7.3923120000	7.3902680000	7.3914480000	7.3928750000	7.3955930000
-1.5000000000	7.2710120000	7.2749450000	7.2837100000	7.2833470000	7.2860670000	7.2856120000	7.2832840000	7.2873250000	7.2898580000	7.2878550000	7.2901850000	7.2930030000
-2.5000000000	7.2797950000	7.2832370000	7.2804630000	7.2799790000	7.2827050000	7.2811010000	7.2823420000	7.2836390000	7.2827650000	7.2852470000	7.2836800000	7.2843250000
-3.5000000000	7.2831870000	7.2804600000	7.2771410000	7.2775950000	7.2795770000	7.2813840000	7.2829140000	7.2843200000	7.2846660000	7.2782230000	7.2716660000	7.2709120000
-4.5000000000	7.2680250000	7.2698350000	7.2647660000	7.2635280000	7.2651300000	7.2672570000	7.2696410000	7.2710870000	7.2691460000	7.2688910000	7.2670760000	7.2678380000
-5.5000000000	7.2717360000	7.2709080000	7.2710320000	7.2694750000	7.2677090000	7.2669160000	7.2678930000	7.2664080000	7.2687970000	7.2676500000	7.2661960000	7.2692780000
-6.5000000000	7.2632550000	7.2624200000	7.2613840000	7.2696540000	7.2673130000	7.2643180000	7.2638500000	7.2657000000	7.2641480000	7.2625050000	7.2637580000	7.2558320000
-7.5000000000	7.2527910000	7.2523620000	7.2508590000	7.2488250000	7.2393540000	7.2373370000	7.2400470000	7.2450650000	7.2427680000	7.2462470000	7.2497790000	7.2494630000
-8.5000000000	7.2262140000	7.2323250000	7.2348280000	7.2316810000	7.2349040000	7.2373470000	7.2386040000	7.2384950000	7.2332540000	7.2356460000	7.2335780000	7.2276370000
-9.5000000000	7.2104100000	7.2086730000	7.2125430000	7.2129270000	7.2126210000	7.2147330000	7.2145260000	7.2150930000	7.2162380000	7.2174990000	7.2187460000	7.2174990000
-10.5000000000	7.2078240000	7.2015290000	7.2003600000	7.2024120000	7.1987070000	7.1989060000	7.1983990000	7.2017240000	7.2010160000	7.1994260000	7.1985360000	7.2016830000
-11.5000000000	7.1800430000	7.1808830000	7.1837080000	7.1797120000	7.1776220000	7.1795110000	7.1782500000	7.1764670000	7.1781330000	7.1790660000	7.1775850000	7.1774640000
-12.5000000000	7.1550630000	7.1529690000	7.1534550000	7.1519670000	7.1504400000	7.1543870000	7.1564680000	7.1533720000	7.1538160000	7.1568920000	7.1566490000	7.1566380000
-13.5000000000	7.1305810000	7.1300780000	7.1328580000	7.1357780000	7.1409140000	7.1458990000	7.1393640000	7.1398240000	7.1417500000	7.1444620000	7.1448180000	7.1464630000
-14.5000000000	7.1201660000	7.1202750000	7.1253380000	7.1251210000	7.1323240000	7.1338610000	7.1279150000	7.1221620000	7.1192640000	7.1210000000	7.1220950000	7.1210860000
-15.5000000000	7.0954580000	7.0947420000	7.0954610000	7.0954740000	7.0991270000	7.1017120000	7.0995350000	7.0971270000	7.0956350000	7.0980970000	7.0965880000	7.0993000000
-16.5000000000	7.0765970000	7.0727580000	7.0748080000	7.0744920000	7.0745260000	7.0761430000	7.0801690000	7.0807970000	7.0764260000	7.0797510000	7.0787390000	7.0767340000
-17.5000000000	7.0547440000	7.0533800000	7.0641670000	7.0514980000	7.0507130000	7.0543930000	7.0538880000	7.0548710000	7.0516760000	7.0493740000	7.0440840000	7.0460230000
-18.5000000000	7.0298030000	7.0293150000	7.0242620000	7.0255400000	7.0242130000	7.0226120000	7.0274550000	7.0297040000	7.0301590000	7.0302950000	7.0295860000	7.0316300000
-19.5000000000	7.0150240000	7.0102040000	7.0049510000	7.0036850000	7.0081220000	7.0107620000	7.0086280000	7.0087390000	7.0100070000	7.0072070000	7.0082140000	7.0041970000
-20.5000000000	6.9893630000	6.9886210000	6.9889110000	6.9885790000	6.9906780000	6.9928790000	6.9915430000	6.9920350000	6.9819770000	6.9718370000	6.9690570000	6.9666030000
-21.5000000000	6.9384100000	6.9374920000	6.9361840000	6.9340860000	6.9347970000	6.9335010000	6.9391370000	6.9441140000	6.9439300000	6.9468630000	6.9473170000	6.9453430000
-22.5000000000	6.9220120000	6.9178820000	6.9154730000	6.9168840000	6.9195560000	6.9221070000	6.9247890000	6.9234190000	6.9261870000	6.9279710000	6.9325220000	6.9293550000
-23.5000000000	6.9113020000	6.9092010000	6.9098780000	6.9066650000	6.9076630000	6.9091920000	6.9094420000	6.9084110000	6.9088710000	6.9048080000	6.9036990000	6.9018790000
-24.5000000000	6.8854090000	6.8835340000	6.8848130000	6.8840090000	6.8845320000	6.8800460000	6.8830970000	6.8845350000	6.8824210000	6.8814980000	6.8855620000	6.8853590000
-25.5000000000	6.8729990000	6.8681490000	6.8680840000	6.8633680000	6.8612830000	6.8585430000	6.8590020000	6.8551840000	6.8550110000	6.8578740000	6.8599870000	6.8588490000
-26.5000000000	6.8321750000	6.8334950000	6.8329060000	6.8332700000	6.8329750000	6.8336360000	6.8374250000	6.8376560000	6.8404590000	6.8384160000	6.8405550000	6.8411100000
-27.5000000000	6.8197330000	6.8182260000	6.8181720000	6.8151220000	6.8155470000	6.8178590000	6.8205850000	6.8169610000	6.8168280000	6.8163170000	6.8150000000	6.8168530000
-28.5000000000	6.8001380000	6.8028940000	6.8028470000	6.7992040000	6.7998990000	6.7999230000	6.8007710000	6.8023610000	6.8027140000	6.8019770000
-29.5000000000	6.7959500000	6.7942530000	6.7935520000	6.7929600000	6.7957290000	6.7944940000	6.7926300000	6.7949740000	6.7943390000	6.7927300000
-30.5000000000	6.7790270000	6.7734480000	6.7673970000	6.7661250000	6.7682740000	6.7692310000	6.7713060000	6.7727260000	6.7774950000	6.7784960000
-31.5000000000	6.7576480000	6.7615180000	6.7645980000	6.7608910000	6.7594720000	6.7595850000	6.7537250000	6.7575850000	6.7613880000	6.7629780000
-32.5000000000	6.7333220000	6.7311730000	6.7356540000	6.7401440000	6.7352740000	6.7317840000	6.7288250000	6.7340990000	6.7356420000	6.7340510000
-33.5000000000	6.7130530000	6.7135640000	6.7155870000	6.7129990000	6.7015810000	6.7023320000	6.7035140000	6.7044000000	6.7059070000	6.7078690000
-34.5000000000	6.6944470000	6.6945980000	6.6953620000	6.6978350000	6.6910790000	6.6877740000	6.6945990000	6.7005450000	6.7011800000	6.6972730000
-35.5000000000	6.6787590000	6.6789500000	6.6790390000	6.6788700000	6.6796880000	6.6771200000	6.6751330000	6.6709860000	6.6684470000	6.6678750000
-36.5000000000	6.6533270000	6.6538620000	6.6555440000	6.6538070000	6.6530110000	6.6559360000	6.6549200000	6.6615000000	6.6639630000	6.6651380000
-37.5000000000	6.6302580000	6.6304640000	6.6323270000	6.6304330000	6.6311560000	6.6352120000	6.6369070000	6.6358570000	6.6354470000	6.6349250000
-38.5000000000	6.6230670000	6.6215040000	6.6224930000	6.6291090000	6.6200810000	6.6200080000	6.6196660000	6.6148120000	6.6134210000	6.6112980000
-39.5000000000	6.6034710000	6.6022570000	6.6068780000	6.6057900000	6.6047210000	6.6045830000	6.6047770000	6.6047960000	6.6037940000	6.6015470000
-40.0000000000	6.5924060000	6.5903740000	6.5904090000	6.5901520000	6.5890950000	6.5898910000	6.5912050000	6.5859130000	6.5864370000	6.5883120000
-39.0000000000	6.6084430000	6.6093230000	6.6139730000	6.6109850000	6.6134800000	6.6141340000	6.6098320000	6.6113690000	6.6108310000	6.6095180000
-38.0000000000	6.6317970000	6.6283490000	6.6282970000	6.6288060000	6.6345260000	6.6355370000	6.6354510000	6.6336860000	6.6296970000	6.6276300000
-37.0000000000	6.6545990000	6.6508670000	6.6514230000	6.6520850000	6.6538560000	6.6499290000	6.6455320000	6.6477570000	6.6456120000	6.6475600000
-36.0000000000	6.6699200000	6.6792130000	6.6795500000	6.6694860000	6.6684760000	6.6665260000	6.6664310000	6.6675090000	6.6641670000	6.6581770000
-35.0000000000	6.6889510000	6.6843920000	6.6848410000	6.6870350000	6.6877610000	6.6900480000	6.6905600000	6.6916900000	6.6907200000	6.6895460000
-34.0000000000	6.7090540000	6.7090000000	6.7133560000	6.7142100000	6.7088410000	6.7109790000	6.7098690000	6.7100000000	6.7152840000	6.7079850000
-33.0000000000	6.7360560000	6.7349260000	6.7364100000	6.7362940000	6.7345420000	6.7323660000	6.7268930000	6.7250010000	6.7248160000	6.7252310000
-32.0000000000	6.7528240000	6.7536480000	6.7537760000	6.7515430000	6.7445350000	6.7497940000	6.7489770000	6.7485710000	6.7483930000	6.7516870000
-31.0000000000	6.7709470000	6.7716030000	6.7715670000	6.7688190000	6.7716790000	6.7680270000	6.7665730000	6.7637830000	6.7657890000	6.7635180000
-30.0000000000	6.7917770000	6.7930530000	6.7958580000	6.7949910000	6.7958940000	6.7945610000	6.7928280000	6.7900250000	6.7880740000	6.7886400000
-29.0000000000	6.8092540000	6.8137780000	6.8189510000	6.8247950000	6.8260810000	6.8255900000	6.8247840000	6.8214840000	6.8198010000	6.8202900000
-28.0000000000	6.8298120000	6.8307020000	6.8322500000	6.8324070000	6.8305160000	6.8322660000	6.8313490000	6.8288700000	6.8280780000	6.8327420000
-27.0000000000	6.8587640000	6.8638560000	6.8618310000	6.8656480000	6.8676320000	6.8707450000	6.8642920000	6.8653940000	6.8626950000	6.8602940000
-26.0000000000	6.8805230000	6.8812740000	6.8824010000	6.8838860000	6.8823710000	6.8806800000	6.8755030000	6.8777690000	6.8778810000	6.8772730000
-25.0000000000	6.9012760000	6.9012190000	6.9043250000	6.9058350000	6.9045050000	6.9009900000	6.9033360000	6.8961610000	6.8967350000	6.8999740000
-24.0000000000	6.9338370000	6.9322260000	6.9301460000	6.9264190000	6.9201800000	6.9265010000	6.9282460000	6.9274560000	6.9265170000	6.9271530000
-23.0000000000	6.9529810000	6.9553200000	6.9566430000	6.9529710000	6.9554490000	6.9545370000	6.9518300000	6.9506590000	6.9544600000	6.9556210000
-22.0000000000	6.9761150000	6.9843500000	6.9772340000	6.9785260000	6.9800890000	6.9775810000	6.9780730000	6.9770630000	6.9778510000	6.9783010000
-21.0000000000	6.9974810000	6.9962970000	6.9958460000	6.9948470000	6.9960800000	6.9978360000	6.9975880000	6.9917320000	6.9891870000	6.9921300000
-20.0000000000	7.0190850000	7.0203230000	7.0195080000	7.0210910000	7.0258550000	7.0266170000	7.0259460000	7.0243460000	7.0250060000	7.0229050000
-19.0000000000	7.0481940000	7.0488190000	7.0508250000	7.0579200000	7.0531740000	7.0476750000	7.0445930000	7.0453930000	7.0474740000	7.0524590000
-18.0000000000	7.0701870000	7.0711630000	7.0674630000	7.0693320000	7.0657250000	7.0701100000	7.0720460000	7.0714340000	7.0723890000	7.0727380000
-17.0000000000	7.0904290000	7.0951010000	7.0985990000	7.1044220000	7.1047550000	7.1006500000	7.1004090000	7.0976380000	7.0893620000	7.0830060000
-16.0000000000	7.1160220000	7.1156770000	7.1182820000	7.1167110000	7.1080810000	7.1092210000	7.1082380000	7.1052430000	7.1080560000	7.1098910000
-15.0000000000	7.1297770000	7.1322370000	7.1333600000	7.1324830000	7.1316070000	7.1338060000	7.1398710000	7.1413100000	7.1370560000	7.1394590000
-14.0000000000	7.1548350000	7.1538590000	7.1531790000	7.1540880000	7.1532390000	7.1560750000	7.1531470000	7.1543460000	7.1539070000	7.1554010000
-13.0000000000	7.1790880000	7.1790560000	7.1754070000	7.1758910000	7.1785080000	7.1811720000	7.1790460000	7.1785560000	7.1747340000	7.1747670000
-12.0000000000	7.2031830000	7.2045660000	7.2059460000	7.2063140000	7.2065490000	7.2047430000	7.2053170000	7.2061010000	7.2034020000	7.2056370000
-11.0000000000	7.2187220000	7.2183640000	7.2212280000	7.2249210000	7.2239640000	7.2218720000	7.2196260000	7.2200060000	7.2189460000	7.2194490000
-10.0000000000	7.2363310000	7.2365370000	7.2367960000	7.2356780000	7.2404420000	7.2416690000	7.2436640000	7.2431490000	7.2457340000	7.2437450000
-9.0000000000	7.2577520000	7.2624200000	7.2630620000	7.2600710000	7.2598030000	7.2621980000	7.2611420000	7.2599530000	7.2613530000	7.2617510000
-8.0000000000	7.2669270000	7.2668760000	7.2705090000	7.2787950000	7.2774370000	7.2717930000	7.2653010000	7.2647090000	7.2637220000	7.2634730000
-7.0000000000	7.2826650000	7.2809580000	7.2827130000	7.2860520000	7.2857860000	7.2872410000	7.2819970000	7.2827250000	7.2826650000	7.2837990000
-6.0000000000	7.3031030000	7.3042350000	7.3028650000	7.3022600000	7.3052970000	7.3036620000	7.3108360000	7.3123250000	7.3075550000	7.3024530000
-5.0000000000	7.3077810000	7.3097920000	7.3093810000	7.3070450000	7.3052430000	7.3048530000	7.3069770000	7.3130970000	7.3144370000	7.3099070000
-4.0000000000	7.3165790000	7.3116700000	7.3152590000	7.3143650000	7.3151620000	7.3157370000	7.3181500000	7.3191240000	7.3183930000	7.3157870000
-3.0000000000	7.3308780000	7.3341140000	7.3313260000	7.3310210000	7.3303660000	7.3267100000	7.3264460000	7.3245210000	7.3266350000	7.3273600000
-2.0000000000	7.3263620000	7.3264880000	7.3245260000	7.3309790000	7.3317940000	7.3316810000	7.3302990000	7.3317370000	7.3459910000	7.3473160000
-1.0000000000	7.3816130000	7.3854000000	7.3864220000	7.3846640000	7.3837210000	7.3858000000	7.3859550000	7.3843810000	7.3843050000	7.3849270000
0.0000000000	7.5223870000	7.5226380000	7.5182510000	7.5172010000	7.5172760000	7.5181740000	7.5180880000	7.5163560000	7.5171060000	7.5191840000
1.0000000000	7.3881860000	7.3801620000	7.3777290000	7.3779270000	7.3770180000	7.3807780000	7.3807200000	7.3766240000	7.3779110000	7.3789370000
2.0000000000	7.3369020000	7.3372940000	7.3386480000	7.3379650000	7.3366060000	7.3283840000	7.3271400000	7.3318240000	7.3291890000	7.3294950000
3.0000000000	7.3161380000	7.3182550000	7.3197760000	7.3293530000	7.3239080000	7.3125820000	7.3098740000	7.3098140000	7.3093630000	7.3113510000
4.0000000000	7.3129550000	7.3107470000	7.3107330000	7.3142090000	7.3152880000	7.3137130000	7.3117980000	7.3124690000	7.3139140000	7.3188260000
5.0000000000	7.3144950000	7.3258270000	7.3188960000	7.3166140000	7.3129480000	7.3130950000	7.3132150000	7.3140390000	7.3125230000	7.3119630000
6.0000000000	7.3097120000	7.3119120000	7.3124940000	7.3043120000	7.3013940000	7.3031000000	7.3026380000	7.3043120000	7.3057300000	7.3059500000
7.0000000000	7.2969960000	7.2957470000	7.2980720000	7.2935750000	7.2916990000	7.2900390000	7.2893480000	7.2923470000	7.2902610000	7.2966670000
8.0000000000	7.2834130000	7.2800630000	7.2778940000	7.2794960000	7.2822430000	7.2778920000	7.2812430000	7.2800740000	7.2806130000	7.2755860000
9.0000000000	7.2688940000	7.2694530000	7.2691660000	7.2694840000	7.2692880000	7.2681010000	7.2691160000	7.2717710000	7.2718600000	7.2694970000
10.0000000000	7.2476770000	7.2501310000	7.2534410000	7.2541420000	7.2545040000	7.2561820000	7.2549630000	7.2563980000	7.2546550000	7.2544460000
11.0000000000	7.2323180000	7.2314240000	7.2299180000	7.2323930000	7.2348170000	7.2354310000	7.2358370000	7.2353520000	7.2376030000	7.2347250000
12.0000000000	7.2192180000	7.2196870000	7.2182250000	7.2171820000	7.2145420000	7.2141910000	7.2131850000	7.2134450000	7.2130030000	7.2131790000
13.0000000000	7.2008790000	7.2028550000	7.2027650000	7.2043990000	7.2051990000	7.2037330000	7.2038700000	7.2046780000	7.2044810000	7.2043350000
14.0000000000	7.1862830000	7.1902960000	7.1890560000	7.1856060000	7.1835580000	7.1851850000	7.1837190000	7.1826180000	7.1794560000	7.1806850000
15.0000000000	7.1588760000	7.1593270000	7.1579310000	7.1559730000	7.1591330000	7.1586070000	7.1610340000	7.1594830000	7.1601830000	7.1589670000
16.0000000000	7.1376580000	7.1411530000	7.1434390000	7.1444220000	7.1443210000	7.1441230000	7.1448220000	7.1444570000	7.1423700000	7.1437920000
17.0000000000	7.1176750000	7.1191290000	7.1221930000	7.1191610000	7.1194930000	7.1185110000	7.1190860000	7.1215480000	7.1237030000	7.1202880000
18.0000000000	7.0914680000	7.0926990000	7.0914940000	7.0873550000	7.0892820000	7.0888500000	7.0868830000	7.0860950000	7.0895580000	7.0871290000
19.0000000000	7.0646320000	7.0629740000	7.0653050000	7.0683700000	7.0680110000	7.0666020000	7.0691180000	7.0667970000	7.0693550000	7.0685390000
20.0000000000	7.0553270000	7.0539330000	7.0524850000	7.0511440000	7.0525840000	7.0538560000	7.0511120000	7.0561970000	7.0563080000	7.0539670000
21.0000000000	7.0356380000	7.0300120000	7.0282980000	7.0294330000	7.0267170000	7.0276920000	7.0309900000	7.0315690000	7.0330480000	7.0341320000
22.0000000000	7.0152290000	7.0133410000	7.0093870000	7.0112650000	7.0127570000	7.0128760000	7.0144730000	7.0137010000	7.0144070000	7.0165380000
23.0000000000	6.9943400000	6.9921060000	6.9922240000	6.9949760000	6.9984130000	6.9939300000	6.9978770000	6.9959700000	6.9969780000	6.9971350000
24.0000000000	6.9721800000	6.9736680000	6.9692230000	6.9720380000	6.9715640000	6.9736250000	6.9735380000	6.9725100000	6.9706130000	6.9708090000
25.0000000000	6.9494670000	6.9500500000	6.9492800000	6.9513660000	6.9528570000	6.9523720000	6.9523170000	6.9477760000	6.9494430000	6.9497370000
26.0000000000	6.9301670000	6.9254980000	6.9224120000	6.9300680000	6.9290690000	6.9247180000	6.9252040000	6.9227400000	6.9194630000	6.9191000000
27.0000000000	6.9012990000	6.9021000000	6.9003600000	6.9031310000	6.9042460000	6.9039960000	6.9041140000	6.9037300000	6.9034740000	6.8988790000
28.0000000000	6.8826140000	6.8821070000	6.8821720000	6.8943300000	6.8998560000	6.8897730000	6.8777920000	6.8795430000	6.8767490000	6.8774240000
29.0000000000	6.8666580000	6.8649330000	6.8683000000	6.8672660000	6.8684280000	6.8740030000	6.8689360000	6.8669850000	6.8665870000	6.8610940000
30.0000000000	6.8625860000	6.8604100000	6.8592540000	6.8586870000	6.8601080000	6.8636640000	6.8675220000	6.8662120000	6.8668570000	6.8621520000
31.0000000000	6.8489580000	6.8499950000	6.8490510000	6.8494500000	6.8513490000	6.8502890000	6.8437280000	6.8430950000	6.8452180000	6.8493610000
32.0000000000	6.8285100000	6.8271210000	6.8287380000	6.8275310000	6.8254120000	6.8238480000	6.8253190000	6.8246100000	6.8246610000	6.8253170000
33.0000000000	6.8066770000	6.8054550000	6.8108140000	6.8104500000	6.8111800000	6.8072690000	6.8115350000	6.8117420000	6.8090600000	6.8118920000
34.0000000000	6.7926590000	6.7955880000	6.7964360000	6.7941170000	6.7917690000	6.7931010000	6.7968890000	6.7959350000	6.7927970000	6.7936420000
35.0000000000	6.7770350000	6.7758780000	6.7749310000	6.7770300000	6.7801790000	6.7896530000	6.7768430000	6.7763950000	6.7770240000	6.7766670000
36.0000000000	6.7532760000	6.7498390000	6.7507810000	6.7552590000	6.7535110000	6.7528230000	6.7515180000	6.7516560000	6.7511290000	6.7480890000
37.0000000000	6.7385460000	6.7360630000	6.7331290000	6.7330340000	6.7325080000	6.7368220000	6.7364420000	6.7436940000	6.7428850000	6.7380200000
38.0000000000	6.7126270000	6.7115220000	6.7088900000	6.7082200000	6.7171180000	6.7164180000	6.7114190000	6.7125720000	6.7144990000	6.7116890000
39.0000000000	6.6948690000	6.6966010000	6.6961340000	6.6959010000	6.6909440000	6.6943020000	6.6919280000	6.6931900000	6.6928480000	6.6958600000
40.0000000000	6.6892830000	6.6814090000	6.6817100000	6.6820910000	6.6811230000	6.6767330000	6.6771020000	6.6796340000	6.6796830000	6.6829410000
39.5000000000	6.6841650000	6.6817750000	6.6818500000	6.6815940000	6.6845110000	6.6855520000	6.6800890000	6.6796180000	6.6798260000	6.6830110000
38.5000000000	6.7067750000	6.7120520000	6.7054280000	6.7021040000	6.7014170000	6.7116530000	6.7096470000	6.7058200000	6.7069100000	6.7068420000
37.5000000000	6.7293240000	6.7295410000	6.7284840000	6.7268980000	6.7268130000	6.7283250000	6.7266160000	6.7265300000	6.7292180000	6.7250560000
36.5000000000	6.7106890000	6.7107340000	6.7131720000	6.7127790000	6.7112390000	6.7084380000	6.7080480000	6.7120980000	6.7131780000	6.7146890000
35.5000000000	6.7384100000	6.7353100000	6.7328270000	6.7299730000	6.7344420000	6.7336700000	6.7332030000	6.7350980000	6.7328060000	6.7286580000
34.5000000000	6.7470040000	6.7521440000	6.7546330000	6.7520520000	6.7544880000	6.7549650000	6.7448770000	6.7428150000	6.7453770000	6.7444060000
33.5000000000	6.7721020000	6.7731620000	6.7741540000	6.7745140000	6.7758450000	6.7766630000	6.7780960000	6.7752290000	6.7746880000	6.7749680000
32.5000000000	6.7877620000	6.7910590000	6.7926470000	6.7944140000	6.7956480000	6.7939400000	6.7910740000	6.7871150000	6.7867350000	6.7937310000
31.5000000000	6.8064960000	6.8110710000	6.8105600000	6.8136930000	6.8144290000	6.8095310000	6.8093950000	6.8117110000	6.8116970000	6.8098550000
30.5000000000	6.8306190000	6.8268800000	6.8287860000	6.8197560000	6.8204070000	6.8222400000	6.8224770000	6.8294630000	6.8319750000	6.8318000000
29.5000000000	6.8573590000	6.8588910000	6.8552240000	6.8474770000	6.8508280000	6.8535800000	6.8530650000	6.8532330000	6.8541490000	6.8536580000
28.5000000000	6.8754780000	6.8720990000	6.8696190000	6.8671800000	6.8693150000	6.8687800000	6.8664330000	6.8670540000	6.8663150000	6.8613610000
27.5000000000	6.8898640000	6.8872440000	6.8882040000	6.8948890000	6.8928700000	6.8925580000	6.8971760000	6.8932740000	6.8912470000	6.8917080000
26.5000000000	6.9074020000	6.9083400000	6.9072870000	6.8994290000	6.9012760000	6.9053020000	6.9063320000	6.9042320000	6.9030140000	6.9023330000
25.5000000000	6.9341390000	6.9324740000	6.9339740000	6.9370990000	6.9365110000	6.9366040000	6.9324510000	6.9305440000	6.9293420000	6.9297080000
24.5000000000	6.9513460000	6.9505650000	6.9487730000	6.9497690000	6.9501780000	6.9540950000	6.9563420000	6.9554520000	6.9552650000	6.9528600000
23.5000000000	6.9739190000	6.9720000000	6.9682800000	6.9722880000	6.9702160000	6.9705670000	6.9700690000	6.9743330000	6.9708310000	6.9708800000
22.5000000000	6.9952410000	6.9967650000	6.9963600000	6.9945430000	6.9945340000	6.9942080000	6.9947070000	6.9978260000	7.0012540000	7.0052180000
21.5000000000	7.0165790000	7.0184650000	7.0199320000	7.0192520000	7.0198080000	7.0206830000	7.0204860000	7.0229640000	7.0185670000	7.0226940000
20.5000000000	7.0320210000	7.0427840000	7.0425760000	7.0416820000	7.0380520000	7.0347750000	7.0363530000	7.0374250000	7.0396190000	7.0405270000
19.5000000000	7.0626100000	7.0589540000	7.0570670000	7.0581420000	7.0604160000	7.0615020000	7.0653200000	7.0639770000	7.0596560000	7.0584160000
18.5000000000	7.0884860000	7.0910050000	7.0913720000	7.0943390000	7.0935460000	7.0890650000	7.0908370000	7.1013460000	7.0941430000	7.0905440000
17.5000000000	7.1073950000	7.1089620000	7.1068530000	7.1073520000	7.1111070000	7.1127840000	7.1087520000	7.1062590000	7.1131860000	7.1137060000
16.5000000000	7.1300570000	7.1306200000	7.1307050000	7.1291460000	7.1297840000	7.1282290000	7.1311860000	7.1333530000	7.1302800000	7.1298120000
15.5000000000	7.1442750000	7.1430210000	7.1446850000	7.1450030000	7.1461810000	7.1449360000	7.1444420000	7.1485220000	7.1533380000	7.1569260000
14.5000000000	7.1639560000	7.1649780000	7.1674980000	7.1701030000	7.1703400000	7.1711210000	7.1692800000	7.1679820000	7.1658840000	7.1650870000
