0.0000000000	4.3544930000	4.3537490000	4.3533270000	4.3543380000	4.3530890000	4.3539290000	4.3538530000	4.3535530000	4.3538290000	4.3538840000	4.3552270000	4.3555040000	4.3564520000	4.3558990000	4.3555050000	4.3552250000	4.3565080000	4.3561380000	4.3563390000	4.3549830000	4.3570160000	4.3562790000	4.3558930000	4.3571620000	4.3561360000	4.3568210000	4.3563830000	4.3562550000	4.3562480000	4.3557070000	4.3552000000	4.3554800000	4.3564570000	4.3570800000	4.3584360000	4.3578740000	4.3577710000	4.3565340000	4.3564070000	4.3573860000	4.3565380000	4.3559710000	4.3560050000	4.3555800000	4.3562560000	4.3567070000	4.3577250000	4.3573420000	4.3564580000	4.3550550000	4.3559010000	4.3570360000	4.3559730000	4.3581650000	4.3581900000	4.3579310000	4.3581690000	4.3580970000	4.3582030000	4.3576640000
1.0000000000	4.1339170000	4.1314490000	4.1290660000	4.1282730000	4.1279810000	4.1288450000	4.1284570000	4.1288700000	4.1282950000	4.1282670000	4.1274840000	4.1257060000	4.1266780000	4.1262550000	4.1265780000	4.1275140000	4.1276940000	4.1265390000	4.1274050000	4.1272540000	4.1252210000	4.1255790000	4.1257360000	4.1243410000	4.1250370000	4.1252630000	4.1263860000	4.1277630000	4.1281550000	4.1269420000	4.1274220000	4.1270010000	4.1258840000	4.1252150000	4.1269420000	4.1256480000	4.1262540000	4.1260230000	4.1271820000	4.1274930000	4.1264230000	4.1269350000	4.1270780000	4.1280600000	4.1271720000	4.1277600000	4.1291560000	4.1286090000	4.1294860000	4.1287320000	4.1277380000	4.1284440000	4.1288130000	4.1266730000	4.1279230000	4.1278080000	4.1279720000	4.1280540000	4.1281500000	4.1280490000
2.0000000000	4.0270670000	4.0255150000	4.0259760000	4.0268900000	4.0274810000	4.0274240000	4.0270780000	4.0260310000	4.0256390000	4.0260050000	4.0261670000	4.0254290000	4.0266450000	4.0277700000	4.0268140000	4.0252510000	4.0257410000	4.0260190000	4.0250740000	4.0259690000	4.0260330000	4.0251930000	4.0257850000	4.0244450000	4.0255900000	4.0256030000	4.0257740000	4.0264580000	4.0271080000	4.0257570000	4.0248860000	4.0260610000	4.0265780000	4.0274440000	4.0250070000	4.0246350000
3.0000000000	4.0261240000	4.0272940000	4.0269990000	4.0264780000	4.0261280000	4.0255490000	4.0270020000	4.0263990000	4.0256340000	4.0256150000	4.0249320000	4.0262310000
4.0000000000	4.0344950000	4.0358080000	4.0366290000	4.0363550000	4.0386760000	4.0387530000	4.0377250000	4.0378660000	4.0367140000	4.0370680000	4.0360050000	4.0364240000
5.0000000000	4.0459630000	4.0461520000	4.0466530000	4.0449130000	4.0443330000	4.0437120000	4.0419190000	4.0428300000	4.0424110000	4.0434430000	4.0446680000	4.0451090000	4.0445430000	4.0449320000	4.0429840000	4.0440060000	4.0454590000	4.0454420000
6.0000000000	4.0409110000	4.0405490000	4.0413170000	4.0410900000	4.0422070000	4.0426020000	4.0433920000	4.0427830000	4.0438870000	4.0432930000	4.0434710000	4.0436880000	4.0430750000	4.0421550000	4.0418860000	4.0416930000	4.0427580000	4.0430400000
7.0000000000	4.0341630000	4.0345130000	4.0348830000	4.0357220000	4.0359600000	4.0373780000	4.0374310000	4.0388190000	4.0390630000	4.0395680000	4.0390440000	4.0396270000	4.0399950000	4.0411170000	4.0405680000	4.0403370000	4.0407240000	4.0399070000	4.0413680000	4.0407350000	4.0405020000	4.0402470000	4.0398010000	4.0406790000	4.0392250000	4.0403400000	4.0400310000	4.0397190000	4.0403350000	4.0395600000	4.0405380000	4.0419180000	4.0410300000	4.0416790000	4.0400460000	4.0397260000
8.0000000000	4.0297230000	4.0293130000	4.0295090000	4.0294740000	4.0304670000	4.0309990000	4.0303520000	4.0305600000	4.0314880000	4.0319630000	4.0318790000	4.0311370000	4.0309170000	4.0305690000	4.0298060000	4.0298350000	4.0302960000	4.0291330000	4.0294390000	4.0297060000	4.0304170000	4.0301780000	4.0314490000	4.0321040000	4.0319100000	4.0332470000	4.0313490000	4.0298190000	4.0307210000	4.0302690000	4.0289610000	4.0296820000	4.0311890000	4.0314440000	4.0311580000	4.0311350000
9.0000000000	4.0195930000	4.0176980000	4.0179470000	4.0161100000	4.0175370000	4.0172250000	4.0172230000	4.0180510000	4.0177740000	4.0170100000	4.0166920000	4.0176990000	4.0186720000	4.0178650000	4.0188710000	4.0184500000	4.0194140000	4.0192080000	4.0195950000	4.0199170000	4.0204370000	4.0194590000	4.0202800000	4.0183530000	4.0177050000	4.0171070000	4.0158570000	4.0162560000	4.0177710000	4.0186980000	4.0175850000	4.0192300000	4.0192300000	4.0187900000	4.0187330000	4.0179700000	4.0190470000	4.0196560000	4.0186830000	4.0187650000	4.0187750000	4.0196500000
10.0000000000	4.0052410000	4.0040500000	4.0042900000	4.0052750000	4.0042520000	4.0058150000	4.0066470000	4.0066890000	4.0087590000	4.0100030000	4.0086950000	4.0079410000	4.0083770000	4.0086420000	4.0096330000	4.0094240000	4.0090720000	4.0084760000	4.0080330000	4.0077960000	4.0086430000	4.0076040000	4.0087450000	4.0082390000	4.0073080000	4.0086770000	4.0099580000	4.0088730000	4.0073840000	4.0076300000	4.0085060000	4.0084030000	4.0090470000	4.0090770000	4.0092340000	4.0102320000	4.0100950000	4.0107840000	4.0106980000	4.0100470000	4.0099570000	4.0087840000
11.0000000000	3.9950450000	3.9954200000	3.9933670000	3.9938720000	3.9953890000	3.9948980000	3.9949320000	3.9939720000	3.9939400000	3.9924380000	3.9926650000	3.9954590000	3.9938310000	3.9951820000	3.9957830000	3.9951430000	3.9940220000	3.9951550000	3.9932700000	3.9933530000	3.9967990000	3.9979970000	3.9973710000	3.9964720000	3.9972400000	3.9962970000	3.9956260000	3.9968160000	3.9988670000	3.9967390000	3.9974230000	3.9984610000	3.9967070000	3.9973620000	3.9947260000	3.9939220000
12.0000000000	3.9653130000	3.9657910000	3.9656270000	3.9643160000	3.9640320000	3.9639420000	3.9643830000	3.9649540000	3.9641760000	3.9641240000	3.9649070000	3.9653370000	3.9663850000	3.9664560000	3.9661330000	3.9659400000	3.9651410000	3.9661320000	3.9666900000	3.9659070000	3.9661580000	3.9669670000	3.9675270000	3.9686260000
13.0000000000	3.9502670000	3.9499900000	3.9500360000	3.9499910000	3.9492090000	3.9498360000	3.9495470000	3.9491410000	3.9493390000	3.9497930000	3.9481380000	3.9478960000	3.9485590000	3.9491730000	3.9500630000	3.9505950000	3.9510740000	3.9508650000	3.9518310000	3.9525880000	3.9523670000	3.9522540000	3.9511290000	3.9505260000
14.0000000000	3.9356840000	3.9354970000	3.9348080000	3.9344870000	3.9343710000	3.9349240000	3.9351850000	3.9347770000	3.9353810000	3.9355670000	3.9356370000	3.9357290000	3.9366930000	3.9377780000	3.9372540000	3.9368670000	3.9371510000	3.9366790000	3.9383190000	3.9361540000	3.9347420000	3.9353300000	3.9359270000	3.9349710000
15.0000000000	3.9156540000	3.9152040000	3.9152840000	3.9152080000	3.9152580000	3.9151570000	3.9180110000	3.9177840000	3.9182460000	3.9173840000	3.9174610000	3.9175660000	3.9166160000	3.9167810000	3.9169370000	3.9180650000	3.9174480000	3.9191070000	3.9196620000	3.9197550000	3.9200270000	3.9188020000	3.9176780000	3.9180030000
16.0000000000	3.8955300000	3.8958530000	3.8954450000	3.8953400000	3.8950760000	3.8953570000	3.8953750000	3.8935260000	3.8946600000	3.8951790000	3.8939240000	3.8953250000	3.8959630000	3.8943590000	3.8910370000	3.8884410000	3.8877630000	3.8886490000	3.8880180000	3.8883380000	3.8885540000	3.8873930000	3.8882780000	3.8886520000
17.0000000000	3.8675510000	3.8666180000	3.8667680000	3.8686470000	3.8665490000	3.8666420000	3.8660590000	3.8672160000	3.8663290000	3.8648860000	3.8651120000	3.8660430000	3.8672290000	3.8691240000	3.8694440000	3.8688360000	3.8687430000	3.8678940000	3.8677550000	3.8678980000	3.8680420000	3.8679120000	3.8691600000	3.8694510000
18.0000000000	3.8437810000	3.8436910000	3.8437060000	3.8431480000	3.8431290000	3.8447380000	3.8431790000	3.8438870000	3.8446520000	3.8446190000	3.8430770000	3.8429510000	3.8446680000	3.8449210000	3.8454660000	3.8467470000	3.8471000000	3.8481970000	3.8482000000	3.8477200000	3.8470040000	3.8473540000	3.8483240000	3.8491970000
19.0000000000	3.8254640000	3.8246200000	3.8244790000	3.8244490000	3.8254290000	3.8248330000	3.8251170000	3.8252350000	3.8267770000	3.8267050000	3.8282300000	3.8268000000	3.8248210000	3.8238980000	3.8248680000	3.8251600000	3.8251660000	3.8244720000	3.8245030000	3.8241310000	3.8241010000	3.8249470000	3.8247450000	3.8252910000
20.0000000000	3.7996260000	3.7971860000	3.7979910000	3.7989180000	3.7991360000	3.7995350000	3.7990330000	3.7992930000	3.7999910000	3.8000780000	3.8006830000	3.8013760000	3.8023240000	3.8020250000	3.8004490000	3.8016440000	3.8009890000	3.8020050000	3.8028140000	3.8023900000	3.8031130000	3.8015990000	3.8021090000	3.8035200000
21.0000000000	3.7773170000	3.7758820000	3.7759800000	3.7752580000	3.7739190000	3.7742990000	3.7754150000	3.7755590000	3.7760560000	3.7754900000	3.7756500000	3.7750740000	3.7751730000	3.7752800000	3.7757600000	3.7735630000	3.7726260000	3.7732790000	3.7731530000	3.7729430000	3.7740240000	3.7746790000	3.7747700000	3.7756240000
22.0000000000	3.7434520000	3.7430680000	3.7429670000	3.7426260000	3.7428810000	3.7436090000	3.7438670000	3.7463430000	3.7454160000	3.7438000000	3.7457120000	3.7459060000	3.7454960000	3.7451380000	3.7449410000	3.7450840000	3.7457700000	3.7462350000	3.7461200000	3.7464670000
23.0000000000	3.7127720000	3.7122910000	3.7114650000	3.7125940000	3.7124500000	3.7129090000	3.7145280000	3.7150620000	3.7144990000	3.7143940000	3.7144930000	3.7149740000	3.7163240000	3.7153650000	3.7151890000	3.7159810000	3.7152170000	3.7149430000	3.7140380000	3.7139790000	3.7151250000	3.7155760000	3.7151160000	3.7156420000
24.0000000000	3.6829200000	3.6821800000	3.6829420000	3.6836640000	3.6835910000	3.6850400000	3.6849630000	3.6852400000	3.6866210000	3.6867950000	3.6859300000	3.6862610000	3.6869060000	3.6869980000	3.6863440000	3.6871160000	3.6858430000	3.6867980000	3.6854040000	3.6866680000	3.6859490000	3.6860350000	3.6858730000	3.6860540000
25.0000000000	3.6552050000	3.6554650000	3.6547840000	3.6552280000	3.6548430000	3.6551410000	3.6550400000	3.6557040000	3.6553930000	3.6552620000	3.6554560000	3.6551780000	3.6565950000	3.6590200000	3.6583430000	3.6592400000	3.6581580000	3.6587700000	3.6601370000	3.6606350000	3.6602060000	3.6598810000	3.6602440000	3.6598380000
26.0000000000	3.6258890000	3.6253080000	3.6267040000	3.6245380000	3.6243410000	3.6243100000	3.6244600000	3.6251090000	3.6249050000	3.6253600000	3.6253550000	3.6262750000	3.6278100000	3.6272150000	3.6270300000	3.6267700000	3.6280160000	3.6280280000	3.6285620000	3.6306130000	3.6288700000	3.6288170000	3.6274380000	3.6279710000
27.0000000000	3.5861260000	3.5854760000	3.5839580000	3.5853370000	3.5851570000	3.5861910000	3.5856220000	3.5863660000	3.5866420000	3.5878440000	3.5885670000	3.5885160000	3.5885490000	3.5894880000	3.5893060000	3.5884890000	3.5885820000	3.5884380000	3.5886660000	3.5887610000	3.5879980000	3.5895430000	3.5899800000	3.5905680000
28.0000000000	3.5565490000	3.5560300000	3.5568020000	3.5577460000	3.5575830000	3.5567000000	3.5551890000	3.5551540000	3.5556420000	3.5565530000	3.5583370000	3.5591530000	3.5589970000	3.5587560000	3.5588310000	3.5591300000	3.5592070000	3.5612370000	3.5614470000	3.5611040000	3.5590690000	3.5595800000	3.5596900000	3.5591770000
29.0000000000	3.5289330000	3.5294740000	3.5298670000	3.5295580000	3.5303450000	3.5300890000	3.5287760000	3.5289630000	3.5304320000	3.5298960000	3.5284410000	3.5290510000	3.5294950000	3.5307810000	3.5309410000	3.5318630000	3.5303470000	3.5299920000	3.5301160000	3.5299130000	3.5307260000	3.5318680000	3.5322220000	3.5330170000
30.0000000000	3.4764560000	3.4748440000	3.4754340000	3.4766280000	3.4763000000	3.4763860000	3.4769840000	3.4768400000	3.4763230000	3.4769830000	3.4766300000	3.4769330000	3.4785490000	3.4778410000	3.4769000000	3.4768530000	3.4768100000	3.4770830000	3.4767770000	3.4765780000	3.4782300000	3.4791770000	3.4799050000	3.4790770000
31.0000000000	3.4449600000	3.4437840000	3.4453600000	3.4441080000	3.4455700000	3.4461760000	3.4454530000	3.4468820000	3.4462580000	3.4473450000	3.4467150000	3.4462640000	3.4468920000	3.4472000000	3.4468690000	3.4455060000	3.4450920000	3.4445000000	3.4458140000	3.4450830000	3.4468700000	3.4488950000	3.4500610000	3.4498790000
32.0000000000	3.4185150000	3.4166720000	3.4151100000	3.4155230000	3.4146410000	3.4132500000	3.4127890000	3.4128400000	3.4131000000	3.4150790000	3.4145530000	3.4155360000	3.4155180000	3.4144560000	3.4149980000	3.4150410000	3.4132520000	3.4136840000	3.4146960000	3.4148110000	3.4145800000	3.4135040000	3.4158810000	3.4149070000
33.0000000000	3.3808630000	3.3800970000	3.3802060000	3.3803780000	3.3815920000	3.3823450000	3.3826990000	3.3848590000	3.3855740000	3.3849870000	3.3856740000	3.3849690000	3.3838100000	3.3856810000	3.3859440000	3.3854550000	3.3832000000	3.3848340000	3.3838640000	3.3856090000	3.3836160000	3.3846330000	3.3856180000	3.3869470000
34.0000000000	3.3507220000	3.3493310000	3.3461280000	3.3466300000	3.3472900000	3.3465460000	3.3448850000	3.3465920000	3.3481360000	3.3499200000	3.3484400000	3.3492600000	3.3478760000	3.3474790000	3.3489750000	3.3477900000	3.3478220000	3.3489520000	3.3484060000	3.3496590000	3.3493390000	3.3526590000	3.3542400000	3.3542560000
35.0000000000	3.3193770000	3.3193660000	3.3194880000	3.3202930000	3.3189700000	3.3206130000	3.3197660000	3.3200010000	3.3185290000	3.3170900000	3.3182600000	3.3171400000	3.3198450000	3.3200190000	3.3204230000	3.3204530000	3.3204300000	3.3196120000	3.3193850000	3.3186600000	3.3188420000	3.3187940000	3.3196770000	3.3207240000
36.0000000000	3.2846260000	3.2833920000	3.2834250000	3.2824240000	3.2836140000	3.2830860000	3.2824470000	3.2837880000	3.2836050000	3.2850970000	3.2851510000	3.2849240000	3.2846740000	3.2850050000	3.2852680000	3.2867770000	3.2863370000	3.2871720000	3.2859210000	3.2859560000	3.2875400000	3.2877840000	3.2869180000	3.2859840000
37.0000000000	3.2472680000	3.2497360000	3.2511430000	3.2524120000	3.2537790000	3.2533900000	3.2519960000	3.2510940000	3.2499780000	3.2508370000	3.2507280000	3.2492590000	3.2504330000	3.2487760000	3.2479000000	3.2480330000	3.2473120000	3.2487200000	3.2485160000	3.2505110000	3.2508390000	3.2507460000	3.2524960000	3.2523800000
38.0000000000	3.2158230000	3.2176470000	3.2161290000	3.2161620000	3.2151090000	3.2168470000	3.2161060000	3.2155930000	3.2160750000	3.2178180000	3.2176390000	3.2182830000	3.2171600000	3.2189880000	3.2173880000	3.2173150000	3.1924870000	3.1902760000	3.1930880000	3.1946890000	3.1941630000	3.1941560000	3.1935800000	3.1929210000
39.0000000000	3.1576090000	3.1584070000	3.1591650000	3.1604320000	3.1599350000	3.1594150000	3.1604770000	3.1601420000	3.1604910000	3.1600230000	3.1611420000	3.1611960000	3.1611550000	3.1626500000	3.1640380000	3.1645690000	3.1625680000	3.1629260000	3.1626730000	3.1631170000	3.1637700000	3.1632860000	3.1615080000	3.1618280000
40.0000000000	3.1290300000	3.1274830000	3.1254530000	3.1253080000	3.1229910000	3.1232040000	3.1251060000	3.1273400000	3.1294560000	3.1296650000	3.1279330000	3.1291900000	3.1292100000	3.1288880000	3.1291320000	3.1295830000	3.1297630000	3.1296650000	3.1288910000	3.1292310000	3.1291410000	3.1292420000	3.1294370000	3.1299620000
39.5000000000	3.1498140000	3.1500830000	3.1506140000	3.1521800000	3.1519050000	3.1502980000	3.1495880000	3.1507920000	3.1507750000	3.1509500000	3.1511100000	3.1510140000	3.1507520000	3.1512060000	3.1531670000	3.1508560000	3.1522450000	3.1531010000	3.1534130000	3.1504550000	3.1497720000	3.1489440000	3.1494790000	3.1490780000
38.5000000000	3.1898310000	3.1902250000	3.1913390000	3.1910360000	3.1920260000	3.1909480000	3.1891930000	3.1891410000	3.1868370000	3.1867600000	3.1873080000	3.1878640000	3.1877090000	3.1882940000	3.1868110000	3.1879740000	3.1869050000	3.1901060000	3.1916130000	3.1933560000	3.1893400000	3.1881240000	3.1881680000	3.1871240000
37.5000000000	3.2269760000	3.2291620000	3.2307370000	3.2326530000	3.2337880000	3.2336210000	3.2309230000	3.2312060000	3.2314670000	3.2327600000	3.2320260000	3.2306940000	3.2312480000	3.2313920000	3.2318670000	3.2329810000	3.2334880000	3.2345470000	3.2354890000	3.2345390000	3.2347450000	3.2340590000	3.2352150000	3.2341930000
36.5000000000	3.2738280000	3.2765870000	3.2770010000	3.2774440000	3.2769660000	3.2769770000	3.2771690000	3.2768860000	3.2771410000	3.2747060000	3.2715660000	3.2700170000	3.2712720000	3.2698000000	3.2686090000	3.2695730000	3.2695370000	3.2714560000	3.2706930000	3.2718730000	3.2715510000	3.2697320000	3.2707870000	3.2715860000
35.5000000000	3.3101920000	3.3100270000	3.3102850000	3.3100380000	3.3097140000	3.3115330000	3.3128020000	3.3122890000	3.3114750000	3.3108690000	3.3115430000	3.3113320000	3.3124530000	3.3118300000	3.3123070000	3.3135770000	3.3125510000	3.3097220000	3.3088900000	3.3101280000	3.3110980000	3.3120270000	3.3129160000	3.3132380000
34.5000000000	3.3525690000	3.3533060000	3.3526730000	3.3545580000	3.3546880000	3.3543160000	3.3544950000	3.3533390000	3.3545380000	3.3538390000	3.3546040000	3.3536150000	3.3542220000	3.3549770000	3.3554600000	3.3542380000	3.3545500000	3.3543780000	3.3551120000	3.3546190000	3.3531530000	3.3549120000	3.3558470000	3.3552580000
33.5000000000	3.3881290000	3.3889290000	3.3898820000	3.3892980000	3.3892640000	3.3915050000	3.3898120000	3.3896040000	3.3901540000	3.3898500000	3.3914470000	3.3900360000	3.3895790000	3.3882270000	3.3892330000	3.3884460000	3.3886060000	3.3874590000	3.3884060000	3.3917790000	3.3919190000	3.3929320000	3.3942450000	3.3943810000
32.5000000000	3.4285020000	3.4288450000	3.4291570000	3.4290130000	3.4297580000	3.4292990000	3.4300380000	3.4299200000	3.4283650000	3.4287340000	3.4293960000	3.4285590000	3.4296180000	3.4304290000	3.4300910000	3.4297590000	3.4294990000	3.4285850000	3.4277710000	3.4286340000	3.4294200000	3.4306760000	3.4307770000	3.4311130000
31.5000000000	3.4640410000	3.4640450000	3.4636260000	3.4636370000	3.4620760000	3.4616590000	3.4633360000	3.4629040000	3.4624730000	3.4616720000	3.4617740000	3.4626480000	3.4646950000	3.4651150000	3.4646520000	3.4651740000	3.4650770000	3.4656370000	3.4653320000	3.4656520000	3.4645280000	3.4638350000	3.4644130000	3.4643050000
30.5000000000	3.5018980000	3.5027740000	3.5027020000	3.5039760000	3.5041210000	3.5036690000	3.5024280000	3.5022370000	3.5011540000	3.4994690000	3.5007110000	3.5018480000	3.5023260000	3.5021560000	3.5027440000	3.5039050000	3.5048470000	3.5053890000	3.5040020000	3.5045800000	3.5034450000	3.5025950000	3.5032060000	3.5034870000
29.5000000000	3.5447400000	3.5444370000	3.5441310000	3.5456120000	3.5454950000	3.5445510000	3.5449810000	3.5461390000	3.5460560000	3.5462520000	3.5452820000	3.5461890000	3.5452830000	3.5450700000	3.5453190000	3.5450950000	3.5460970000	3.5451820000	3.5457010000	3.5454540000	3.5455390000	3.5436870000	3.5433380000	3.5443140000
28.5000000000	3.5785770000	3.5786130000	3.5799340000	3.5812340000	3.5805220000	3.5806400000	3.5806710000	3.5808720000	3.5802550000	3.5806150000	3.5813430000	3.5816400000	3.5811980000	3.5805000000	3.5820630000	3.5819620000	3.5816680000	3.5817980000	3.5823140000	3.5830780000	3.5842220000	3.5840560000	3.5836300000	3.5844000000
27.5000000000	3.6195600000	3.6191180000	3.6191360000	3.6190430000	3.6174570000	3.6174720000	3.6171100000	3.6169080000	3.6178340000	3.6176610000	3.6185300000	3.6205220000	3.6197040000	3.6192350000	3.6194050000	3.6185980000	3.6194510000	3.6188790000	3.6191500000	3.6198470000	3.6185530000	3.6191930000	3.6188420000	3.6187950000
26.5000000000	3.6529130000	3.6531040000	3.6537720000	3.6540610000	3.6530200000	3.6536670000	3.6532250000	3.6528080000	3.6527850000	3.6525450000	3.6527730000	3.6526810000	3.6542830000	3.6550760000	3.6556060000	3.6549460000	3.6555390000	3.6555100000	3.6544360000	3.6544140000	3.6541370000	3.6548250000	3.6545800000	3.6546620000
25.5000000000	3.6895670000	3.6900230000	3.6907800000	3.6906100000	3.6896280000	3.6898370000	3.6896510000	3.6911540000	3.6907010000	3.6906640000	3.6905410000	3.6901890000	3.6911870000	3.6902900000	3.6906160000	3.6898620000	3.6901560000	3.6912330000	3.6915620000	3.6915290000	3.6906840000	3.6900200000	3.6894770000	3.6894040000
24.5000000000	3.7216090000	3.7224960000	3.7232240000	3.7234290000	3.7235720000	3.7224360000	3.7222560000	3.7213520000	3.7209190000	3.7203270000	3.7207450000	3.7202310000	3.7207560000	3.7208430000	3.7207380000	3.7195630000	3.7207650000	3.7212770000	3.7221550000	3.7211900000	3.7216530000	3.7208440000	3.7212890000	3.7213330000
23.5000000000	3.7523020000	3.7524750000	3.7536200000	3.7537860000	3.7531640000	3.7532860000	3.7520200000	3.7530700000	3.7545810000	3.7555890000	3.7551770000	3.7555660000	3.7556930000	3.7556240000	3.7548520000	3.7541450000	3.7552050000	3.7540150000	3.7536280000	3.7549930000	3.7557280000	3.7537020000	3.7533580000	3.7542370000
22.5000000000	3.7864040000	3.7871540000	3.7863960000	3.7859690000	3.7847210000	3.7842880000	3.7848370000	3.7854440000	3.7858840000	3.7854700000	3.7856520000	3.7861650000	3.7876800000	3.7872410000	3.7872370000	3.7872410000	3.7868410000	3.7860390000	3.7857280000	3.7850760000	3.7854230000	3.7872750000	3.7854490000	3.7848790000
21.5000000000	3.8168050000	3.8174620000	3.8176170000	3.8179240000	3.8173740000	3.8170050000	3.8142730000	3.8136950000	3.8122430000	3.8113410000	3.8095930000	3.8111010000	3.8125060000	3.8120100000	3.8135430000	3.8134400000	3.8127440000	3.8145220000	3.8160600000	3.8167270000	3.8176840000	3.8176790000	3.8170740000	3.8172520000
20.5000000000	3.8433270000	3.8437760000	3.8442830000	3.8452570000	3.8441910000	3.8450080000	3.8454380000	3.8459980000	3.8453780000	3.8456340000	3.8449650000	3.8449280000	3.8437760000	3.8455180000	3.8470080000	3.8449420000	3.8449950000	3.8452310000	3.8448370000	3.8444720000	3.8444290000	3.8435640000	3.8457990000	3.8461850000
19.5000000000	3.8695700000	3.8710300000	3.8703560000	3.8725840000	3.8722220000	3.8718980000	3.8719130000	3.8728830000	3.8731380000	3.8713270000	3.8720680000	3.8713730000	3.8703990000	3.8704580000	3.8696260000	3.8688950000	3.8679880000	3.8674540000	3.8673060000	3.8682760000	3.8692960000	3.8686330000	3.8684080000	3.8683240000
18.5000000000	3.8956930000	3.8974240000	3.8978860000	3.8974140000	3.8980720000	3.8977780000	3.8970960000	3.8973280000	3.8975240000	3.8966100000	3.8981260000	3.8987800000	3.8989880000	3.8982470000	3.8974820000	3.8976920000	3.8977540000	3.8974570000	3.8988110000	3.8972910000	3.8965130000	3.8958700000	3.8966320000	3.8951090000
17.5000000000	3.9200890000	3.9222260000	3.9222820000	3.9223730000	3.9230380000	3.9219360000	3.9214690000	3.9229270000	3.9217510000	3.9223720000	3.9216590000	3.9217840000	3.9234790000	3.9220280000	3.9227820000	3.9223000000	3.9226430000	3.9236760000	3.9226800000	3.9226600000	3.9217310000	3.9221230000	3.9210710000	3.9201180000
16.5000000000	4.0166720000	4.0177690000	4.0183860000	4.0176520000	4.0164700000	4.0157420000	4.0157690000	4.0160690000	4.0155660000	4.0157460000	4.0161630000	4.0160620000	4.0167130000	4.0181830000	4.0185900000	4.0185400000	4.0197610000	4.0204230000	4.0202640000	4.0202350000	4.0202770000	4.0208590000	4.0205610000	4.0218650000
15.5000000000	4.0424200000	4.0418780000	4.0409020000	4.0428790000	4.0439700000	4.0433540000	4.0434090000	4.0414460000	4.0407140000	4.0422420000	4.0422430000	4.0414700000	4.0411390000	4.0403240000	4.0421380000	4.0428560000	4.0421600000	4.0422800000	4.0417610000	4.0431590000	4.0426350000	4.0424410000	4.0425010000	4.0422920000
14.5000000000	4.0644000000	4.0646850000	4.0644760000	4.0661960000	4.0656490000	4.0660630000	4.0663740000	4.0667300000	4.0654980000	4.0647940000	4.0638780000	4.0646850000
13.5000000000	4.0988280000	4.0964090000	4.0971700000	4.0982010000	4.0974550000	4.0970390000	4.0983780000	4.0992160000	4.0995080000	4.0980900000	4.0973110000	4.0967270000
12.5000000000	4.1198860000	4.1205160000	4.1211110000	4.1204430000	4.1217890000	4.1215610000	4.1218610000	4.1228360000	4.1226700000	4.1231270000	4.1231830000	4.1227060000
11.5000000000	4.1396320000	4.1401920000	4.1411360000	4.1416250000	4.1414150000	4.1408230000	4.1409920000	4.1399200000	4.1409490000	4.1410000000	4.1413880000	4.1426500000
10.5000000000	4.1582210000	4.1587930000	4.1583860000	4.1581580000	4.1582920000	4.1570770000	4.1573220000	4.1571230000	4.1566540000	4.1576840000	4.1577820000	4.1570880000
9.5000000000	4.1748970000	4.1743010000	4.1742430000	4.1742550000	4.1742140000	4.1744670000	4.1749620000	4.1748800000	4.1746300000	4.1731710000	4.1731610000	4.1746960000
8.5000000000	4.1920940000	4.1912360000	4.1911090000	4.1916810000	4.1915020000	4.1905860000	4.1916110000	4.1916100000	4.1910990000	4.1912080000	4.1917710000	4.1925230000
7.5000000000	4.2037690000	4.2045320000	4.2043850000	4.2040230000	4.2036620000	4.2036290000	4.2015060000	4.2037040000	4.2036050000	4.2021140000	4.2024410000	4.2038560000
6.5000000000	4.2132730000	4.2133030000	4.2132280000	4.2124600000	4.2124970000	4.2131680000	4.2114090000	4.2109280000	4.2116210000	4.2119770000	4.2116460000	4.2124610000
5.5000000000	4.2218720000	4.2206750000	4.2204480000	4.2217210000	4.2217590000	4.2212940000	4.2213450000	4.2220460000	4.2224610000	4.2223230000	4.2220130000	4.2226190000
4.5000000000	4.2245450000	4.2246660000	4.2259770000	4.2267720000	4.2257960000	4.2267830000	4.2273230000	4.2259790000	4.2265990000	4.2254030000	4.2248570000	4.2258200000
3.5000000000	4.2172330000	4.2172410000	4.2175580000	4.2178490000	4.2174610000	4.2197770000	4.2191700000	4.2190470000	4.2192490000	4.2190270000	4.2180800000	4.2175560000
2.5000000000	4.2139320000	4.2138940000	4.2136170000	4.2137930000	4.2145510000	4.2153790000	4.2147250000	4.2152590000	4.2144050000	4.2149050000	4.2139980000	4.2129820000
1.5000000000	4.2471690000	4.2470570000	4.2468500000	4.2482530000	4.2486230000	4.2478350000	4.2474220000	4.2477150000	4.2473450000	4.2481150000	4.2490530000	4.2483960000
0.5000000000	4.4555130000	4.4593860000	4.4589630000	4.4588560000	4.4607380000	4.4611640000	4.4617500000	4.4623090000	4.4616690000	4.4608870000	4.4596280000	4.4595050000
-0.5000000000	4.4783940000	4.4761280000	4.4747890000	4.4736190000	4.4732360000	4.4738170000	4.4721310000	4.4725440000	4.4705040000	4.4720350000	4.4718700000	4.4707720000
-1.5000000000	4.2773660000	4.2751380000	4.2739040000	4.2732580000	4.2733640000	4.2738110000	4.2726010000	4.2718210000	4.2711070000	4.2704170000	4.2707800000	4.2706760000
-2.5000000000	4.2412670000	4.2411350000	4.2400650000	4.2414360000	4.2403030000	4.2396720000	4.2397350000	4.2395280000	4.2402010000	4.2401980000	4.2397050000	4.2388650000
-3.5000000000	4.2448180000	4.2447920000	4.2453510000	4.2447610000	4.2435110000	4.2421200000	4.2433760000	4.2430130000	4.2425730000	4.2422840000	4.2423270000	4.2431210000
-4.5000000000	4.2471650000	4.2464690000	4.2478090000	4.2486620000	4.2478380000	4.2480780000	4.2450340000	4.2450450000	4.2455300000	4.2457320000	4.2454820000	4.2457540000
-5.5000000000	4.2463870000	4.2458420000	4.2450060000	4.2464290000	4.2456540000	4.2475090000	4.2474070000	4.2479150000	4.2466030000	4.2462870000	4.2456850000	4.2444560000
-6.5000000000	4.2386780000	4.2364150000	4.2363460000	4.2346940000	4.2336370000	4.2335610000	4.2348300000	4.2358750000	4.2367150000	4.2373640000	4.2368990000	4.2375150000
-7.5000000000	4.2305430000	4.2316790000	4.2318600000	4.2313330000	4.2308900000	4.2316340000	4.2318600000	4.2326080000	4.2316060000	4.2307690000	4.2304060000	4.2305480000
-8.5000000000	4.2145100000	4.2145680000	4.2146820000	4.2149910000	4.2159180000	4.2161630000	4.2156030000	4.2153850000	4.2148710000	4.2153220000	4.2156930000	4.2151900000
-9.5000000000	4.1991130000	4.1985530000	4.1985800000	4.1978530000	4.1955990000	4.1968480000	4.1976830000	4.1955000000	4.1935690000	4.1932330000	4.1962180000	4.1970820000
-10.5000000000	4.1839520000	4.1837570000	4.1838490000	4.1841070000	4.1835560000	4.1831650000	4.1830970000	4.1829940000	4.1827360000	4.1823190000	4.1800270000	4.1826050000
-11.5000000000	4.1662110000	4.1641060000	4.1637850000	4.1643330000	4.1653590000	4.1660860000	4.1663110000	4.1657600000	4.1657340000	4.1647660000	4.1643920000	4.1640400000
-12.5000000000	4.1468660000	4.1462420000	4.1465130000	4.1473610000	4.1450150000	4.1462210000	4.1466500000	4.1459820000	4.1438650000	4.1458850000	4.1472650000	4.1470690000
-13.5000000000	4.1258680000	4.1261980000	4.1252070000	4.1240740000	4.1238040000	4.1235560000	4.1219570000	4.1215200000	4.1239870000	4.1238690000	4.1243200000	4.1241590000
-14.5000000000	4.1012880000	4.1014270000	4.1016980000	4.1017760000	4.1013230000	4.0999110000	4.0994100000	4.1002630000	4.1010370000	4.1019680000	4.1017730000	4.1008290000
-15.5000000000	4.0784560000	4.0784660000	4.0780970000	4.0777960000	4.0755680000	4.0759430000	4.0758230000	4.0762630000	4.0764370000	4.0763480000	4.0758040000	4.0773450000
-16.5000000000	4.0530410000	4.0511170000	4.0519190000	4.0512350000	4.0531230000	4.0536740000	4.0542190000	4.0527480000	4.0536200000	4.0546260000	4.0544940000	4.0543720000
-17.5000000000	4.0276870000	4.0275820000	4.0295720000	4.0299160000	4.0292560000	4.0294320000	4.0284080000	4.0281250000	4.0285160000	4.0282080000	4.0282540000	4.0284960000
-18.5000000000	4.0061840000	4.0052570000	4.0050710000	4.0036350000	4.0043680000	4.0068270000	4.0062050000	4.0052200000	4.0054950000	4.0052370000	4.0036720000	4.0048230000
-19.5000000000	3.9823580000	3.9825300000	3.9811640000	3.9810210000	3.9806090000	3.9812160000	3.9820570000	3.9812950000	3.9829490000	3.9825230000	3.9829060000	3.9815960000
-20.5000000000	3.9554870000	3.9538640000	3.9542590000	3.9527230000	3.9521390000	3.9532770000	3.9538060000	3.9537350000	3.9543160000	3.9550930000	3.9552200000	3.9561190000
-21.5000000000	3.9246600000	3.9256180000	3.9265100000	3.9271630000	3.9271000000	3.9268520000	3.9264010000	3.9263580000	3.9250100000	3.9254440000	3.9259220000	3.9249120000
-22.5000000000	3.8975990000	3.8960330000	3.8968870000	3.8964130000	3.8922240000	3.8912820000	3.8921350000	3.8934610000	3.8928790000	3.8925270000	3.8927640000	3.8933690000
-23.5000000000	3.8633370000	3.8640810000	3.8634810000	3.8627810000	3.8626130000	3.8627970000	3.8646560000	3.8631960000	3.8628290000	3.8625110000	3.8633640000	3.8631660000
-24.5000000000	3.8331410000	3.8334710000	3.8327170000	3.8340890000	3.8342710000	3.8346670000	3.8348810000	3.8343550000	3.8342660000	3.8336640000	3.8349130000	3.8341650000
-25.5000000000	3.8011890000	3.8008830000	3.8019980000	3.8021050000	3.8017240000	3.8023410000	3.8006830000	3.7999740000	3.8012400000	3.8000020000	3.8012190000	3.8016130000
-26.5000000000	3.7694390000	3.7690810000	3.7691230000	3.7702150000	3.7697730000	3.7698970000	3.7703290000	3.7721260000	3.7723890000	3.7734710000	3.7750640000	3.7725630000
-27.5000000000	3.7407740000	3.7400610000	3.7395920000	3.7392780000	3.7380940000	3.7388570000	3.7388720000	3.7390500000	3.7383880000	3.7381540000	3.7379920000	3.7387550000
-28.5000000000	3.7082790000	3.7082090000	3.7080550000	3.7085620000	3.7081470000	3.7071670000	3.7065120000	3.7065480000	3.7069480000	3.7077000000	3.7069630000	3.7071030000
-29.5000000000	3.6708970000	3.6708530000	3.6709710000	3.6717380000	3.6719830000	3.6707960000	3.6704670000	3.6699470000	3.6702930000	3.6709900000	3.6707260000	3.6708290000
-30.5000000000	3.6343190000	3.6347040000	3.6346270000	3.6344480000	3.6341950000	3.6340660000	3.6338510000	3.6333240000	3.6342340000	3.6342280000	3.6346430000	3.6341540000
-31.5000000000	3.5845050000	3.5844100000	3.5822870000	3.5809750000	3.5809400000	3.5809120000	3.5813050000	3.5820330000	3.5830110000	3.5831290000	3.5797010000	3.5785220000
-32.5000000000	3.5415400000	3.5412220000	3.5422640000	3.5409630000	3.5413880000	3.5421620000	3.5416850000	3.5421640000	3.5442190000	3.5443670000	3.5439370000	3.5438380000
-33.5000000000	3.5065780000	3.5061970000	3.5061750000	3.5062700000	3.5061720000	3.5061820000	3.5059670000	3.5062680000	3.5058810000	3.5054500000	3.5058050000	3.5076530000
-34.5000000000	3.4686760000	3.4680390000	3.4633820000	3.4627760000	3.4631550000	3.4626790000	3.4632820000	3.4648850000	3.4652340000	3.4649420000	3.4646240000	3.4654380000
-35.5000000000	3.4195150000	3.4191510000	3.4168550000	3.4162830000	3.4171010000	3.4164580000	3.4158920000	3.4166870000	3.4171650000	3.4170100000	3.4171430000	3.4164710000
-36.5000000000	3.3784550000	3.3776980000	3.3763210000	3.3757810000	3.3756890000	3.3749800000	3.3756330000	3.3734610000	3.3755330000	3.3754840000	3.3751950000	3.3732170000
-37.5000000000	3.3346560000	3.3338280000	3.3345660000	3.3340630000	3.3335870000	3.3340650000	3.3328850000	3.3327050000	3.3330580000	3.3347800000	3.3334540000	3.3319970000
-38.5000000000	3.2914980000	3.2923010000	3.2919350000	3.2918480000	3.2912210000	3.2911620000	3.2899850000	3.2897560000	3.2893200000	3.2895200000	3.2899800000	3.2900710000
-39.5000000000	3.2482010000	3.2488570000	3.2496830000	3.2486790000	3.2523110000	3.2544890000	3.2530350000	3.2538820000	3.2533230000	3.2523740000	3.2531390000	3.2518380000
-40.0000000000	3.2337700000	3.2332780000	3.2327060000	3.2323620000	3.2307080000	3.2312720000	3.2325050000	3.2317210000	3.2324080000	3.2330210000	3.2333860000	3.2335410000
-39.0000000000	3.2738210000	3.2739170000	3.2749160000	3.2740040000	3.2742790000	3.2740180000	3.2740890000	3.2719410000	3.2713560000	3.2718970000	3.2719470000	3.2732500000
-38.0000000000	3.3144550000	3.3149600000	3.3155730000	3.3170490000	3.3173940000	3.3147180000	3.3155560000	3.3169650000	3.3168740000	3.3176640000	3.3180100000	3.3185340000
-37.0000000000	3.3545590000	3.3566350000	3.3573600000	3.3592720000	3.3603040000	3.3577650000	3.3576800000	3.3575220000	3.3587610000	3.3590030000	3.3579910000	3.3573940000
-36.0000000000	3.3993530000	3.4000020000	3.3995930000	3.3998730000	3.4011120000	3.4007980000	3.3998320000	3.4019580000	3.4027070000	3.4027190000	3.4026890000	3.4027960000
-35.0000000000	3.4414040000	3.4418080000	3.4437130000	3.4432510000	3.4435160000	3.4416770000	3.4425080000	3.4418100000	3.4430220000	3.4415990000	3.4426290000	3.4419720000
-34.0000000000	3.4800930000	3.4897070000	3.4885140000	3.4880250000	3.4883520000	3.4897040000	3.4897900000	3.4890180000	3.4917010000	3.4920770000	3.4910450000	3.4903960000
-33.0000000000	3.5251130000	3.5256680000	3.5276810000	3.5296460000	3.5291200000	3.5301430000	3.5301180000	3.5298110000	3.5278470000	3.5291560000	3.5287220000	3.5292930000
-32.0000000000	3.5671590000	3.5694850000	3.5686120000	3.5692350000	3.5693980000	3.5682380000	3.5694440000	3.5697080000	3.5689850000	3.5688320000	3.5676310000	3.5674270000
-31.0000000000	3.6264480000	3.6254120000	3.6254930000	3.6264850000	3.6273600000	3.6260040000	3.6248010000	3.6240980000	3.6237070000	3.6203560000	3.6199530000	3.6209340000
-30.0000000000	3.6588760000	3.6601930000	3.6612780000	3.6621630000	3.6633350000	3.6627800000	3.6622220000	3.6622100000	3.6632190000	3.6634100000	3.6613930000	3.6616500000
-29.0000000000	3.7080270000	3.7094760000	3.7083670000	3.7090860000	3.7089070000	3.7078650000	3.7079720000	3.7082200000	3.7079360000	3.7078270000	3.7076110000	3.7072260000
-28.0000000000	3.7443210000	3.7435050000	3.7440430000	3.7441940000	3.7436670000	3.7447310000	3.7447180000	3.7439290000	3.7440560000	3.7445280000	3.7437660000	3.7438680000
-27.0000000000	3.7746030000	3.7747970000	3.7761840000	3.7755580000	3.7742050000	3.7736780000	3.7730750000	3.7739080000	3.7744050000	3.7778620000	3.7778370000	3.7773960000
-26.0000000000	3.8104850000	3.8102510000	3.8100850000	3.8100840000	3.8105530000	3.8106220000	3.8120580000	3.8117270000	3.8105100000	3.8104990000	3.8107460000	3.8106280000
-25.0000000000	3.8454920000	3.8451710000	3.8467720000	3.8457000000	3.8435190000	3.8451470000	3.8446630000	3.8454130000	3.8435610000	3.8434340000	3.8437520000	3.8453450000
-24.0000000000	3.8762300000	3.8755090000	3.8767800000	3.8772270000	3.8794560000	3.8768410000	3.8764480000	3.8778080000	3.8774350000	3.8781040000	3.8776870000	3.8775110000
-23.0000000000	3.9096720000	3.9095310000	3.9085050000	3.9108410000	3.9115010000	3.9108320000	3.9108700000	3.9117880000	3.9109040000	3.9088770000	3.9080710000	3.9072750000
-22.0000000000	3.9397850000	3.9406970000	3.9410890000	3.9410040000	3.9420410000	3.9406530000	3.9403940000	3.9405240000	3.9406850000	3.9400730000	3.9422990000	3.9427360000
-21.0000000000	3.9684470000	3.9683390000	3.9686100000	3.9688170000	3.9691310000	3.9704800000	3.9710000000	3.9710050000	3.9695890000	3.9698520000	3.9707800000	3.9710460000
-20.0000000000	3.9991250000	3.9986080000	3.9990820000	3.9995110000	3.9995860000	3.9969880000	3.9986010000	3.9987290000	3.9964710000	3.9988120000	3.9989860000	3.9983370000
-19.0000000000	4.0261680000	4.0275870000	4.0273780000	4.0268820000	4.0267390000	4.0261530000	4.0269430000	4.0252890000	4.0242670000	4.0240880000	4.0248860000	4.0255980000
-18.0000000000	4.0524870000	4.0523030000	4.0512360000	4.0537700000	4.0532650000	4.0534620000	4.0536120000	4.0536500000	4.0536970000	4.0552850000	4.0546570000	4.0538440000
-17.0000000000	4.0790310000	4.0795120000	4.0802310000	4.0799760000	4.0796930000	4.0795040000	4.0803510000	4.0797390000	4.0787650000	4.0786490000	4.0784210000	4.0802650000
-16.0000000000	4.1040020000	4.1043210000	4.1039410000	4.1036740000	4.1028830000	4.1042610000	4.1034570000	4.1027700000	4.1029340000	4.1020490000	4.1037260000	4.1045840000
-15.0000000000	4.1283060000	4.1282580000	4.1293580000	4.1292480000	4.1282060000	4.1289060000	4.1285050000	4.1295220000	4.1284730000	4.1283270000	4.1277270000	4.1258010000
-14.0000000000	4.1507300000	4.1512200000	4.1515010000	4.1538000000	4.1543710000	4.1526030000	4.1514680000	4.1512600000	4.1516570000	4.1529460000	4.1523660000	4.1516500000
-13.0000000000	4.1722900000	4.1729950000	4.1732280000	4.1717310000	4.1727740000	4.1746810000	4.1747280000	4.1723160000	4.1720160000	4.1735820000	4.1734420000	4.1728700000
-12.0000000000	4.1940110000	4.1933730000	4.1936060000	4.1945920000	4.1947990000	4.1943520000	4.1908200000	4.1907480000	4.1914350000	4.1908580000	4.1909810000	4.1900100000
-11.0000000000	4.2086260000	4.2095420000	4.2124690000	4.2137530000	4.2144100000	4.2148520000	4.2143340000	4.2138810000	4.2143620000	4.2131720000	4.2139080000	4.2138140000
-10.0000000000	4.2339450000	4.2334280000	4.2321430000	4.2317040000	4.2302010000	4.2305340000	4.2314820000	4.2323540000	4.2317820000	4.2320720000	4.2328300000	4.2326740000
-9.0000000000	4.2498760000	4.2496900000	4.2492890000	4.2481890000	4.2477500000	4.2489710000	4.2475640000	4.2479950000	4.2475720000	4.2483430000	4.2487450000	4.2486190000
-8.0000000000	4.2633130000	4.2622350000	4.2605870000	4.2590100000	4.2604990000	4.2623020000	4.2617800000	4.2619560000	4.2608710000	4.2617860000	4.2613150000	4.2600460000
-7.0000000000	4.2756560000	4.2762610000	4.2774380000	4.2774840000	4.2761460000	4.2768830000	4.2783850000	4.2776810000	4.2761880000	4.2759290000	4.2733490000	4.2746400000
-6.0000000000	4.2860690000	4.2884450000	4.2901400000	4.2889600000	4.2874130000	4.2873570000	4.2867980000	4.2861460000	4.2853670000	4.2858680000	4.2868830000	4.2863490000
-5.0000000000	4.2924690000	4.2932220000	4.2926450000	4.2928250000	4.2938180000	4.2919310000	4.2913640000	4.2929010000	4.2936010000	4.2921250000	4.2916850000	4.2923810000
-4.0000000000	4.2902520000	4.2890060000	4.2871290000	4.2871240000	4.2866720000	4.2871780000	4.2878130000	4.2893450000	4.2907720000	4.2875660000	4.2888650000	4.2885730000
-3.0000000000	4.2856500000	4.2863080000	4.2853880000	4.2847850000	4.2850210000	4.2851190000	4.2850230000	4.2832270000	4.2829430000	4.2832260000	4.2847250000	4.2850940000
-2.0000000000	4.2879490000	4.2872280000	4.2872270000	4.2863000000	4.2854970000	4.2846620000	4.2847030000	4.2845760000	4.2858250000	4.2875950000	4.2857300000	4.2838580000
-1.0000000000	4.3722630000	4.3762940000	4.3768610000	4.3790390000	4.3787350000	4.3787030000	4.3784080000	4.3794830000	4.3788750000	4.3800470000	4.3804950000	4.3803630000
0.0000000000	4.5851800000	4.5855760000	4.5847070000	4.5841940000	4.5846370000	4.5855180000	4.5850420000	4.5837100000	4.5840960000	4.5845070000	4.5841320000	4.5846850000
1.0000000000	4.3748560000	4.3715940000	4.3708000000	4.3632910000	4.3645000000	4.3671800000	4.3681920000	4.3670230000	4.3673890000	4.3681640000	4.3670950000	4.3675260000
2.0000000000	4.2709630000	4.2698390000	4.2711470000	4.2709790000	4.2703860000	4.2713630000	4.2711960000	4.2694920000	4.2680270000	4.2682640000	4.2692470000	4.2683650000
3.0000000000	4.2615110000	4.2615850000	4.2617170000	4.2608380000	4.2611860000	4.2601160000	4.2613780000	4.2618330000	4.2607460000	4.2605780000	4.2606830000	4.2585710000
4.0000000000	4.2667180000	4.2656710000	4.2661860000	4.2668670000	4.2657120000	4.2658760000	4.2653910000	4.2645370000	4.2631550000	4.2638440000	4.2647440000	4.2659480000
5.0000000000	4.2686910000	4.2673530000	4.2657060000	4.2641600000	4.2628780000	4.2635400000	4.2648110000	4.2656650000	4.2655640000	4.2647640000	4.2647410000	4.2638870000
6.0000000000	4.2599810000	4.2600030000	4.2585920000	4.2596970000	4.2600810000	4.2592790000	4.2582650000	4.2584620000	4.2576080000	4.2585460000	4.2569110000	4.2555470000
7.0000000000	4.2521620000	4.2508550000	4.2507590000	4.2506810000	4.2522390000	4.2512330000	4.2517470000	4.2507820000	4.2512330000	4.2503930000	4.2496050000	4.2503910000
8.0000000000	4.2374240000	4.2374320000	4.2378500000	4.2381260000	4.2383090000	4.2371780000	4.2383280000	4.2383620000	4.2379360000	4.2373030000	4.2373420000	4.2373360000
9.0000000000	4.2228080000	4.2232970000	4.2226360000	4.2226820000	4.2247180000	4.2242400000	4.2228040000	4.2234110000	4.2222740000	4.2217360000	4.2207880000	4.2213930000
10.0000000000	4.2052650000	4.2054310000	4.2055620000	4.2056690000	4.2042370000	4.2030870000	4.2035980000	4.2033720000	4.2032810000	4.2031200000	4.2041210000	4.2041500000
11.0000000000	4.1922310000	4.1903460000	4.1901960000	4.1901700000	4.1905900000	4.1911770000	4.1923010000	4.1909880000	4.1907590000	4.1914360000	4.1908890000	4.1906220000
12.0000000000	4.1739630000	4.1744940000	4.1744970000	4.1742100000	4.1726140000	4.1729720000	4.1734400000	4.1735670000	4.1747580000	4.1738760000	4.1731730000	4.1727210000
13.0000000000	4.1544070000	4.1522720000	4.1506040000	4.1494520000	4.1514430000	4.1518780000	4.1503830000	4.1514650000	4.1510210000	4.1497040000	4.1506240000	4.1505300000
14.0000000000	4.1280430000	4.1262660000	4.1249470000	4.1249480000	4.1250160000	4.1238270000	4.1244720000	4.1251790000	4.1248300000	4.1244040000	4.1244770000	4.1244590000
15.0000000000	4.0943380000	4.0946760000	4.0956710000	4.0953970000	4.0951460000	4.0941370000	4.0950520000	4.0955510000	4.0954570000	4.0955070000	4.0964110000	4.0959900000
16.0000000000	4.0736300000	4.0724430000	4.0722900000	4.0703040000	4.0707310000	4.0707360000	4.0707400000	4.0713510000	4.0724480000	4.0726890000	4.0717420000	4.0723860000
17.0000000000	4.0526840000	4.0522810000	4.0510700000	4.0515230000	4.0498090000	4.0503470000	4.0510180000	4.0519370000	4.0520570000	4.0515230000	4.0517870000	4.0515650000
18.0000000000	4.0275170000	4.0281610000	4.0271440000	4.0253880000	4.0264450000	4.0262570000	4.0265670000	4.0277900000	4.0271260000	4.0277300000	4.0274560000	4.0263170000
19.0000000000	4.0003500000	3.9924770000	3.9895930000	3.9876260000	3.9873590000	3.9872980000	3.9876630000	3.9882390000	3.9873020000	3.9887140000	3.9893070000	3.9876800000
20.0000000000	3.9622410000	3.9619540000	3.9612940000	3.9600470000	3.9591340000	3.9586250000	3.9593210000	3.9591840000	3.9578020000	3.9580410000	3.9589440000	3.9591370000
21.0000000000	3.9341800000	3.9342260000	3.9348410000	3.9342670000	3.9348720000	3.9349340000	3.9349910000	3.9343250000	3.9337050000	3.9345660000	3.9337790000	3.9332970000
22.0000000000	3.9036910000	3.9047600000	3.9045610000	3.9034610000	3.9031520000	3.9050610000	3.9053590000	3.9055080000	3.9050290000	3.9046670000	3.9057660000	3.9059240000
23.0000000000	3.8742650000	3.8746960000	3.8736920000	3.8729160000	3.8745660000	3.8718610000	3.8715190000	3.8725770000	3.8744350000	3.8746070000	3.8751840000	3.8749010000
24.0000000000	3.8474020000	3.8466160000	3.8456880000	3.8454220000	3.8439810000	3.8441880000	3.8443930000	3.8453460000	3.8442580000	3.8459240000	3.8448560000	3.8450970000
25.0000000000	3.8178410000	3.8156450000	3.8146730000	3.8150170000	3.8151680000	3.8136970000	3.8128360000	3.8135800000	3.8142300000	3.8134830000	3.8136970000	3.8129460000
26.0000000000	3.7816830000	3.7806530000	3.7811910000	3.7814700000	3.7819400000	3.7823600000	3.7816810000	3.7807690000	3.7819910000	3.7806200000	3.7801220000	3.7803100000
27.0000000000	3.7483030000	3.7476640000	3.7476960000	3.7478070000	3.7474830000	3.7479160000	3.7474610000	3.7469570000	3.7466400000	3.7463560000	3.7472340000	3.7485220000
28.0000000000	3.7071950000	3.7051730000	3.7035430000	3.7031950000	3.7041400000	3.7035630000	3.7040550000	3.7049300000	3.7041730000	3.7044870000	3.7054910000	3.7048040000
29.0000000000	3.6687040000	3.6683610000	3.6689520000	3.6691940000	3.6701250000	3.6687510000	3.6697080000	3.6705470000	3.6703450000	3.6695700000	3.6693380000	3.6696510000
30.0000000000	3.6371740000	3.6373720000	3.6370320000	3.6357020000	3.6354730000	3.6364490000	3.6353570000	3.6351480000	3.6360600000	3.6354320000	3.6357830000	3.6359720000
31.0000000000	3.6039700000	3.6045840000	3.6054350000	3.6054610000	3.6050580000	3.6050620000	3.6031900000	3.5890410000	3.5859490000	3.5841690000	3.5840850000	3.5840700000
32.0000000000	3.5509940000	3.5497870000	3.5497510000	3.5495410000	3.5482650000	3.5486420000	3.5493670000	3.5487590000	3.5483680000	3.5486690000	3.5490100000	3.5498870000
33.0000000000	3.5144080000	3.5144110000	3.5132370000	3.5125060000	3.5124440000	3.5127370000	3.5132360000	3.5126490000	3.5121890000	3.5116400000	3.5121780000	3.5127480000
34.0000000000	3.4780000000	3.4768900000	3.4771740000	3.4782800000	3.4784070000	3.4784000000	3.4776400000	3.4791140000	3.4781380000	3.4765840000	3.4777610000	3.4783510000
35.0000000000	3.4431950000	3.4428190000	3.4430240000	3.4424420000	3.4419520000	3.4420420000	3.4425200000	3.4418420000	3.4427240000	3.4421620000	3.4431140000	3.4438880000
36.0000000000	3.4081140000	3.4071090000	3.4084550000	3.4078920000	3.4075110000	3.4051210000	3.4052660000	3.4060020000	3.4044350000	3.4052930000	3.4075930000	3.4081230000
37.0000000000	3.3725540000	3.3724360000	3.3727610000	3.3723310000	3.3710940000	3.3710290000	3.3713700000	3.3711160000	3.3722810000	3.3717520000	3.3721870000	3.3717780000
38.0000000000	3.3345870000	3.3338790000	3.3352070000	3.3349910000	3.3341560000	3.3351600000	3.3357100000	3.3365130000	3.3355880000	3.3339040000	3.3362050000	3.3371940000
39.0000000000	3.3032850000	3.3018100000	3.3024250000	3.3024810000	3.3026720000	3.3028870000	3.3023920000	3.3030650000	3.3019610000	3.3015640000	3.3021170000	3.3022660000
40.0000000000	3.2670500000	3.2649830000	3.2639360000	3.2644470000	3.2640500000	3.2658460000	3.2684640000	3.2674050000	3.2667280000	3.2659080000	3.2656520000	3.2653130000
39.5000000000	3.2844480000	3.2842890000	3.2851970000	3.2849870000	3.2829310000	3.2817440000	3.2824740000	3.2822270000	3.2830350000	3.2826390000	3.2827200000	3.2832000000
38.5000000000	3.3171550000	3.3188070000	3.3192870000	3.3182520000	3.3183340000	3.3173420000	3.3175670000	3.3184090000	3.3183180000	3.3174220000	3.3164580000	3.3179460000
37.5000000000	3.3559210000	3.3579000000	3.3569370000	3.3564360000	3.3587440000	3.3587460000	3.3593500000	3.3586170000	3.3572240000	3.3561390000	3.3552610000	3.3557870000
36.5000000000	3.3966350000	3.3960380000	3.3966520000	3.3976220000	3.3977200000	3.3978110000	3.3975120000	3.3960260000	3.3956600000	3.3949300000	3.3955360000	3.3954840000
35.5000000000	3.4292840000	3.4290780000	3.4311850000	3.4320340000	3.4318970000	3.4315550000	3.4304290000	3.4291840000	3.4292850000	3.4293190000	3.4293080000	3.4303020000
34.5000000000	3.4678380000	3.4677450000	3.4671390000	3.4677420000	3.4692430000	3.4673450000	3.4679020000	3.4680700000	3.4667200000	3.4674740000	3.4707070000	3.4713190000
33.5000000000	3.4952210000	3.4961040000	3.4969560000	3.4977430000	3.4976830000	3.4975360000	3.4975500000	3.4974280000	3.4974250000	3.4971460000	3.4978370000	3.4985520000
32.5000000000	3.5341240000	3.5343830000	3.5341110000	3.5341790000	3.5351450000	3.5354850000	3.5362490000	3.5345130000	3.5339510000	3.5336220000	3.5337720000	3.5340190000
31.5000000000	3.5781490000	3.5780530000	3.5781880000	3.5786260000	3.5792180000	3.5795660000	3.5790840000	3.5777660000	3.5794620000	3.5806730000	3.5793400000	3.5786690000
30.5000000000	3.6134010000	3.6142430000	3.6140920000	3.6158670000	3.6143310000	3.6131620000	3.6124070000	3.6135730000	3.6140900000	3.6147580000	3.6140410000	3.6141120000
29.5000000000	3.6487170000	3.6494610000	3.6505490000	3.6500080000	3.6493600000	3.6496250000	3.6499330000	3.6493650000	3.6487370000	3.6497630000	3.6497260000	3.6505940000
28.5000000000	3.6814620000	3.6820480000	3.6807430000	3.6801320000	3.6821950000	3.6825730000	3.6806100000	3.6797220000	3.6801290000	3.6816560000	3.6817290000	3.6830310000
27.5000000000	3.7153340000	3.7167120000	3.7161740000	3.7170460000	3.7173620000	3.7191960000	3.7176190000	3.7184900000	3.7179700000	3.7188660000	3.7179780000	3.7173730000
26.5000000000	3.7501590000	3.7502710000	3.7513970000	3.7506880000	3.7505790000	3.7501510000	3.7494890000	3.7494960000	3.7492650000	3.7471180000	3.7473720000	3.7478130000
25.5000000000	3.7811600000	3.7807770000	3.7807040000	3.7808640000	3.7800790000	3.7792810000	3.7796480000	3.7805170000	3.7816950000	3.7803620000	3.7795650000	3.7804010000
24.5000000000	3.8108840000	3.8106440000	3.8116850000	3.8100480000	3.8102370000	3.8124040000	3.8119740000	3.8121660000	3.8118260000	3.8101330000	3.8094180000	3.8096700000
23.5000000000	3.8393340000	3.8399580000	3.8405190000	3.8392310000	3.8387510000	3.8382830000	3.8383220000	3.8404100000	3.8410710000	3.8406360000	3.8419660000	3.8405310000
22.5000000000	3.8704830000	3.8699040000	3.8699540000	3.8707550000	3.8724790000	3.8716830000	3.8637890000	3.8618060000	3.8605600000	3.8599730000	3.8606480000	3.8591290000
21.5000000000	3.9002410000	3.9004320000	3.8989510000	3.9002960000	3.9000260000	3.8996790000	3.9001200000	3.9012820000	3.9003270000	3.9001180000	3.8993300000	3.8985930000
20.5000000000	3.9288660000	3.9284530000	3.9291490000	3.9282500000	3.9279800000	3.9304480000	3.9309010000	3.9316710000	3.9310560000	3.9295680000	3.9282610000	3.9276570000
19.5000000000	3.9556600000	3.9556810000	3.9563930000	3.9570690000	3.9560600000	3.9566960000	3.9571450000	3.9566540000	3.9548140000	3.9528900000	3.9554020000	3.9570910000
18.5000000000	3.9814690000	3.9811520000	3.9826870000	3.9831940000	3.9823620000	3.9835220000	3.9846740000	3.9838120000	3.9832120000	3.9827510000	3.9850570000	3.9850980000
17.5000000000	4.0094180000	4.0093060000	4.0095270000	4.0104210000	4.0106510000	4.0108100000	4.0104440000	4.0117750000	4.0120320000	4.0110570000	4.0097650000	4.0106650000
16.5000000000	4.0291680000	4.0302120000	4.0305570000	4.0321920000	4.0314560000	4.0321990000	4.0338760000	4.0337890000	4.0335260000	4.0317620000	4.0313430000	4.0314630000
15.5000000000	4.0535320000	4.0536200000	4.0544270000	4.0542840000	4.0544150000	4.0540140000	4.0548710000	4.0543070000	4.0539720000	4.0532660000	4.0519570000	4.0523110000
14.5000000000	4.0759920000	4.0762620000	4.0740970000	4.0756660000	4.0760250000	4.0754850000	4.0751880000	4.0753230000	4.0746490000	4.0747800000	4.0747280000	4.0752780000
13.5000000000	4.0970550000	4.0958130000	4.0957190000	4.0969350000	4.0974630000	4.0982010000	4.0966280000	4.0976670000	4.0969840000	4.0969300000	4.0978070000	4.0977710000
12.5000000000	4.1834060000	4.1970880000	4.1991210000	4.2009830000	4.2006820000	4.1989230000	4.2003580000	4.2002800000	4.1996370000	4.1986040000	4.1969840000	4.1973040000
11.5000000000	4.2164050000	4.2176400000	4.2184410000	4.2170880000	4.2144160000	4.2140600000	4.2135220000	4.2145710000	4.2153340000	4.2151520000	4.2152380000	4.2146140000
10.5000000000	4.2332090000	4.2318160000	4.2308100000	4.2319950000	4.2330700000	4.2341290000	4.2332080000	4.2333000000	4.2343150000	4.2338100000	4.2344420000	4.2348360000
9.5000000000	4.2468490000	4.2483280000	4.2488000000	4.2475950000	4.2471810000	4.2464960000	4.2481270000	4.2489250000	4.2483130000	4.2475700000	4.2490340000	4.2495980000
8.5000000000	4.2655510000	4.2652860000	4.2654910000	4.2653360000	4.2658070000	4.2648480000	4.2655110000	4.2662170000	4.2652110000	4.2642100000	4.2649220000	4.2643950000
7.5000000000	4.2771250000	4.2779790000	4.2778440000	4.2769460000	4.2787580000	4.2769750000	4.2752530000	4.2748710000	4.2764390000	4.2749890000	4.2702120000	4.2690400000
6.5000000000	4.2789410000	4.2792920000	4.2798520000	4.2796470000	4.2792540000	4.2788870000	4.2793700000	4.2788280000	4.2765770000	4.2754490000	4.2759050000	4.2761090000
5.5000000000	4.2830560000	4.2846970000	4.2837520000	4.2897920000	4.2933620000	4.2944120000	4.2932420000	4.2928060000	4.2919520000	4.2921960000	4.2927770000	4.2901450000
4.5000000000	4.2934300000	4.2944470000	4.2935630000	4.2929950000	4.2926660000	4.2926940000	4.2943000000	4.2942310000	4.2937990000	4.2966270000	4.2967750000	4.2959130000
3.5000000000	4.2908910000	4.2910830000	4.2910810000	4.2896870000	4.2915530000	4.2924470000	4.2911220000	4.2901720000	4.2909550000	4.2908430000	4.2897520000	4.2903010000
2.5000000000	4.2980300000	4.2961240000	4.2918250000	4.2925870000	4.2931330000	4.2944460000	4.2941950000	4.2927080000	4.2935910000	4.2927300000	4.2927970000	4.2919510000
1.5000000000	4.3251320000	4.3242520000	4.3244590000	4.3246680000	4.3253060000	4.3256640000	4.3248510000	4.3251990000	4.3221760000	4.3212680000	4.3215850000	4.3214020000
0.5000000000	4.5232730000	4.5270230000	4.5276270000	4.5277250000	4.5304000000	4.5316320000	4.5305660000	4.5300080000	4.5292590000	4.5296280000	4.5297150000	4.5300330000
-0.5000000000	4.5477060000	4.5440750000	4.5434240000	4.5433970000	4.5427350000	4.5412100000	4.5393430000	4.5379520000	4.5378740000	4.5379600000	4.5385120000	4.5387580000
-1.5000000000	4.3496590000	4.3491860000	4.3488250000	4.3475000000	4.3468180000	4.3454140000	4.3460210000	4.3452630000	4.3444450000	4.3429100000	4.3429250000	4.3449210000
-2.5000000000	4.3160860000	4.3168860000	4.3156950000	4.3167210000	4.3156200000	4.3148160000	4.3131930000	4.3127900000	4.3144390000	4.3151900000	4.3143880000	4.3142510000
-3.5000000000	4.3157530000	4.3161430000	4.3162690000	4.3171830000	4.3165600000	4.3162360000	4.3152650000	4.3182730000	4.3183030000	4.3178730000	4.3171760000	4.3178570000
-4.5000000000	4.3225300000	4.3215660000	4.3222890000	4.3221310000	4.3228330000	4.3212730000	4.3213510000	4.3206050000	4.3203240000	4.3196140000	4.3202820000	4.3220940000
-5.5000000000	4.3212090000	4.3218860000	4.3204170000	4.3193420000	4.3206210000	4.3191190000	4.3194570000	4.3193160000	4.3189980000	4.3188510000	4.3188980000	4.3187700000
-6.5000000000	4.3126970000	4.3130140000	4.3121680000	4.3109980000	4.3122850000	4.3119860000	4.3117760000	4.3115700000	4.3111370000	4.3100730000	4.3080170000	4.3099700000
-7.5000000000	4.2988900000	4.2981000000	4.2974890000	4.2965120000	4.2957580000	4.2959170000	4.2984290000	4.2993760000	4.2963230000	4.2957990000	4.2957180000	4.2958770000
-8.5000000000	4.2884940000	4.2872340000	4.2862040000	4.2874840000	4.2896370000	4.2892500000	4.2865950000	4.2854980000	4.2838120000	4.2859590000	4.2878130000	4.2877690000
-9.5000000000	4.2694080000	4.2708310000	4.2696820000	4.2707640000	4.2701450000	4.2693730000	4.2708430000	4.2694200000	4.2688080000	4.2673140000	4.2676560000	4.2681850000
-10.5000000000	4.2478860000	4.2479210000	4.2473160000	4.2470770000	4.2473090000	4.2458410000	4.2457850000	4.2470130000	4.2463770000	4.2457020000	4.2457490000	4.2463200000
-11.5000000000	4.2246340000	4.2241300000	4.2255810000	4.2253820000	4.2256920000	4.2258470000	4.2266110000	4.2255740000	4.2256320000	4.2247200000	4.2192800000	4.2154750000
-12.5000000000	4.2113580000	4.2093020000	4.2088770000	4.2090660000	4.2091570000	4.2103130000	4.2097480000	4.2097690000	4.2103850000	4.2110280000	4.2103910000	4.2083580000
-13.5000000000	4.1884370000	4.1867840000	4.1870580000	4.1864320000	4.1868470000	4.1881240000	4.1892290000	4.1884780000	4.1877000000	4.1878470000	4.1880530000	4.1889600000
-14.5000000000	4.1657040000	4.1649400000	4.1653230000	4.1657420000	4.1645660000	4.1664230000	4.1673980000	4.1667350000	4.1668490000	4.1679380000	4.1660220000	4.1648940000
-15.5000000000	4.1434190000	4.1429600000	4.1414910000	4.1391870000	4.1398410000	4.1415930000	4.1424980000	4.1409370000	4.1421830000	4.1423960000	4.1428260000	4.1424020000
-16.5000000000	4.1148400000	4.1139240000	4.1124280000	4.1130020000	4.1119710000	4.1115490000	4.1151430000	4.1174570000	4.1191760000	4.1161710000	4.1160480000	4.1169300000
-17.5000000000	4.0895650000	4.0901760000	4.0925170000	4.0923890000	4.0905220000	4.0903590000	4.0898620000	4.0898960000	4.0890640000	4.0895270000	4.0910990000	4.0919200000
-18.5000000000	4.0660650000	4.0648360000	4.0654760000	4.0655800000	4.0670700000	4.0671300000	4.0664710000	4.0675730000	4.0668570000	4.0661630000	4.0643650000	4.0643810000
-19.5000000000	4.0411590000	4.0392710000	4.0379230000	4.0387730000	4.0395170000	4.0397920000	4.0390210000	4.0377920000	4.0381060000	4.0390110000	4.0396590000	4.0384150000
-20.5000000000	4.0102440000	4.0095470000	4.0079360000	4.0078560000	4.0087610000	4.0084660000	4.0081620000	4.0092270000	4.0091940000	4.0079260000	4.0080780000	4.0097040000
-21.5000000000	3.9832720000	3.9814500000	3.9796250000	3.9807380000	3.9801480000	3.9807800000	3.9794350000	3.9797820000	3.9799880000	3.9803540000	3.9795360000	3.9814980000
-22.5000000000	3.9471680000	3.9465360000	3.9483010000	3.9480830000	3.9476510000	3.9477990000	3.9473720000	3.9478150000	3.9487830000	3.9474430000	3.9469490000	3.9455740000
-23.5000000000	3.9135490000	3.9143200000	3.9132070000	3.9142120000	3.9141650000	3.9145450000	3.9158830000	3.9161910000	3.9156650000	3.9172890000	3.9178190000	3.9184380000
-24.5000000000	3.8893100000	3.8881330000	3.8866400000	3.8860810000	3.8860850000	3.8849890000	3.8875000000	3.8876950000	3.8852720000	3.8857320000	3.8860920000	3.8853820000
-25.5000000000	3.8581040000	3.8574300000	3.8574350000	3.8569680000	3.8567370000	3.8579840000	3.8572000000	3.8558370000	3.8565580000	3.8557990000	3.8564600000	3.8559430000
-26.5000000000	3.8222890000	3.8216070000	3.8205660000	3.8198750000	3.8213920000	3.8197710000	3.8212010000	3.8193350000	3.8200200000	3.8191790000	3.8185880000	3.8212430000
-27.5000000000	3.7904530000	3.7913490000	3.7920350000	3.7928230000	3.7928850000	3.7927160000	3.7931080000	3.7909800000	3.7907210000	3.7909720000	3.7918460000	3.7924720000
-28.5000000000	3.7583280000	3.7556640000	3.7569950000	3.7566060000	3.7573580000	3.7566550000	3.7568090000	3.7577650000	3.7567370000	3.7573210000	3.7574080000	3.7574210000
-29.5000000000	3.7240440000	3.7237100000	3.7221480000	3.7235430000	3.7247780000	3.7224710000	3.7224940000	3.7222130000	3.7227970000	3.7213130000	3.7218830000	3.7222900000
